-7.771149117260397338e-03
-9.439376625699344089e-03
-8.354930830278032086e-03
-7.277721435433383811e-03
-8.833395852603120879e-03
-8.076424923749908613e-03
-9.079000155537921349e-03
-8.422488044688800080e-03
-1.023825382312333956e-02
-9.180764048526872736e-03
-9.206776025700488461e-03
-7.896882464228259166e-03
-7.758743624791880795e-03
-9.689826439353418572e-03
-8.494841069166371786e-03
-7.951834518972513907e-03
-7.477211364791206023e-03
-8.434601606324408987e-03
-7.531496133753606652e-03
-8.889887241411575589e-03
-8.973588422908605061e-03
-8.694897008608943462e-03
-7.764040400634900953e-03
-8.186766856807102533e-03
-8.209031123252500534e-03
-9.312771561931077260e-03
-8.403697950554175206e-03
-8.534015203237373809e-03
-8.308456432196249797e-03
-8.426988312095099604e-03
-7.735469328850044443e-03
-8.585884237151477499e-03
-8.891868693075614949e-03
-8.985868842666749901e-03
-7.787156091431796101e-03
-7.823897168913001438e-03
-8.847127480090588580e-03
-8.291449697623270998e-03
-8.540165888652641660e-03
-8.264847587405371385e-03
-7.841994369308975463e-03
-8.197095675190026881e-03
-8.733584642197048109e-03
-8.701105823605087553e-03
-8.522017027320321139e-03
-8.248625642873107927e-03
-8.412432523322653510e-03
-9.556203720099113244e-03
-7.943130242557890075e-03
-8.803237024658627785e-03
-8.804393264814773176e-03
-8.185900924040130297e-03
-8.060645061238056255e-03
-8.113493461740766549e-03
-7.899216999669916861e-03
-9.639959878830621151e-03
-7.460215017341626474e-03
-9.116622572846497241e-03
-8.432279853983013634e-03
-8.455855280823067893e-03
-8.253330156235319515e-03
-9.090183368143619699e-03
-8.159984609237154116e-03
-8.281734152607161947e-03
-8.446239447397307920e-03
-7.255702213883797984e-03
-8.323554395404228826e-03
-8.701334269089743348e-03
-8.666862903424917344e-03
-8.388448637273934749e-03
-9.080030076339555556e-03
-8.340390738670593052e-03
-8.305452777334122044e-03
-7.597206080226652156e-03
-8.056261256379823946e-03
-8.407496637228610570e-03
-8.124927087574533233e-03
-8.006153968520635447e-03
-7.978464119944995991e-03
-8.725465743541058541e-03
-9.032405671549562781e-03
-7.584306863974886286e-03
-9.070009210030207172e-03
-8.601566442225417469e-03
-8.953905931153170045e-03
-7.884576786635396489e-03
-8.518378140872960927e-03
-8.131666652352988536e-03
-8.865788257114842752e-03
-8.202793948960954845e-03
-8.311472860889575209e-03
-7.239462150481578914e-03
-8.447153934477251436e-03
-9.001911450768453407e-03
-9.105677044053961389e-03
-8.498866454689219321e-03
-8.801168183876757409e-03
-8.390595686181619162e-03
-7.739041722061698950e-03
-7.584397651102210008e-03
-8.035122242570594264e-03
-8.843948210121278797e-03
-9.076892954082616330e-03
-8.791815932478380669e-03
-7.760952295790667782e-03
-8.954600051700048816e-03
-8.748934021170818448e-03
-7.997451227655895042e-03
-8.766617156574727995e-03
-8.458767770954023560e-03
-7.990540670538193516e-03
-7.615244219465640285e-03
-7.571296691468123140e-03
-8.277321056446259803e-03
-8.404953850170789401e-03
-7.373878135557905555e-03
-7.596874719145915549e-03
-6.798760936066778823e-03
-8.614969346218980667e-03
-8.646355913319497821e-03
-8.204126928490367010e-03
-9.260523702383853875e-03
-8.323870111125373367e-03
-8.047052321280513329e-03
-8.578542693115840528e-03
-8.218863044303642215e-03
-7.758510160554700323e-03
-9.002421124002553052e-03
-8.296956296966379735e-03
-7.380720019199806144e-03
-8.387900600859261868e-03
-8.178849527440221895e-03
-9.179543431649811458e-03
-7.479440039403047191e-03
-8.436003428633586168e-03
-8.655028913351821632e-03
-8.106698062102044716e-03
-8.344781376854692317e-03
-8.409784848757866083e-03
-8.379921012518515983e-03
-9.058332208522458517e-03
-7.748418464605129514e-03
-8.804859974336692874e-03
-8.720278059672738682e-03
-7.863895143983714794e-03
-7.993353141563637465e-03
-8.175112389385452705e-03
-7.579125537497115317e-03
-8.637708491423194690e-03
-9.184214882927518864e-03
-8.436177325462063115e-03
-8.869728685941710017e-03
-8.247253172500756263e-03
-8.669849489447449889e-03
-8.650899154346514824e-03
-8.418530888575595506e-03
-7.603182442773746483e-03
-8.546895521999060830e-03
-8.436634055179494801e-03
-8.479595041419813253e-03
-8.558817530340680907e-03
-9.785203704170858038e-03
-8.415331644603521455e-03
-8.767472782121464928e-03
-9.034809243620928534e-03
-8.569799945694163076e-03
-8.342832590486912517e-03
-8.338476319921225843e-03
-8.055710183820329398e-03
-9.562658840195756640e-03
-8.359272662596044928e-03
-9.135037489063401253e-03
-8.324286263158627019e-03
-7.820812110686487656e-03
-9.744046781028898804e-03
-7.847851230728033339e-03
-8.398717538410222644e-03
-8.524882345808781903e-03
-9.026986818216177835e-03
-7.805278796276462865e-03
-8.292573808508217972e-03
-7.822060017359664524e-03
-8.869763174899781416e-03
-8.740952595273892428e-03
-8.563635109945481536e-03
-9.178965970393974244e-03
-8.894902459122874805e-03
-9.094019322353907517e-03
-7.723716878111301816e-03
-8.911057030589548261e-03
-8.712003839996764268e-03
-7.903783337140314960e-03
-9.794454164175899619e-03
-7.729279733284470828e-03
-8.253447899927605219e-03
-9.587449381715578908e-03
-7.613903420441874015e-03
-7.185239484009470039e-03
-7.883591338854998437e-03
-7.954243154326103710e-03
-7.749718550605778043e-03
-8.488084844876005869e-03
-8.237954683896221361e-03
-8.101248812954103470e-03
-7.768209963684022216e-03
-8.896247063694807597e-03
-7.352656712691617476e-03
-7.672280204955611582e-03
-7.710299198639426407e-03
-8.263398605667309632e-03
-7.466452487172912413e-03
-8.776898355727208098e-03
-8.236225219509287279e-03
-8.341368574750885820e-03
-7.782821885070287556e-03
-8.465845111411117799e-03
-7.652801532854225895e-03
-8.313778525345238632e-03
-8.505410377277651535e-03
-8.458724932511076100e-03
-8.293096855756187935e-03
-9.026601866252021919e-03
-8.574416108662132746e-03
-7.338099662955322421e-03
-8.484422002244272620e-03
-7.635975529849300426e-03
-8.684158356754815775e-03
-7.308315619598192321e-03
-9.320053641518648985e-03
-9.495466541549103454e-03
-9.035689695619804340e-03
-1.047466135452309807e-02
-8.469960418707053740e-03
-8.225152391331234242e-03
-9.042685823943777748e-03
-8.348709684387318683e-03
-8.774333890371006570e-03
-8.228888174091061186e-03
-8.624247533569365590e-03
-6.785860998963399310e-03
-8.947398586018739247e-03
-7.436437670265466995e-03
-8.207975884166567385e-03
-8.637126985984873787e-03
-8.682985317349040111e-03
-8.785490528632229970e-03
-9.075238123022610556e-03
-8.897179936522959728e-03
-7.998568803106752279e-03
-9.234506933767486908e-03
-8.191590823826963574e-03
-8.737006226931401040e-03
-8.433014455787526606e-03
-8.191163939212757483e-03
-9.966051789820217985e-03
-7.560661511604864146e-03
-8.165440678085866474e-03
-8.715891189270529721e-03
-9.349305022691812433e-03
-8.563958223890609164e-03
-8.290733107207397257e-03
-8.868522435091378067e-03
-9.309747491628763902e-03
-7.591112270224294883e-03
-8.576044729791867244e-03
-8.921336743241338463e-03
-8.462510906801654076e-03
-8.372539452321466763e-03
-8.895872309314439494e-03
-9.023355391849894810e-03
-8.259605793064681359e-03
-8.606809419597278785e-03
-9.164342109646003015e-03
-8.555336243321493353e-03
-8.631223309994500922e-03
-9.908090048377744125e-03
-7.318700383430153111e-03
-8.246935625982420789e-03
-7.297807185349855161e-03
-8.297183299758006253e-03
-8.418061690842708680e-03
-8.418964690216405866e-03
-8.624848509651816472e-03
-7.867681096037667035e-03
-8.409839500059735490e-03
-8.544200318939480787e-03
-8.322332524590619202e-03
-9.248895281015143480e-03
-8.788482211528274302e-03
-7.899384603010884895e-03
-9.437245789904407864e-03
-7.818133269446450942e-03
-8.460888286449422951e-03
-8.480348267142799601e-03
-8.257516463372270576e-03
-8.933237299680402144e-03
-9.073305308041897804e-03
-8.748827247370206603e-03
-8.872931329815439416e-03
-8.001065468195900365e-03
-9.183638828722267070e-03
-8.332112278616122386e-03
-8.258847098794142721e-03
-8.910416213649739389e-03
-8.909934922233240726e-03
-8.163289781860927352e-03
-8.545377757238348249e-03
-7.891951134338985596e-03
-7.589276393454568240e-03
-8.266836942971169527e-03
-8.531520876164737019e-03
-8.371398494632085671e-03
-8.394563406322923943e-03
-8.115561259822458989e-03
-8.363819044990729659e-03
-7.770909777117387257e-03
-8.332760933021852306e-03
-8.440248362221356229e-03
-7.908444949440552804e-03
-8.044529005912711209e-03
-7.796716768135965835e-03
-8.873745350796073336e-03
-8.204539328730884803e-03
-7.148375285149960283e-03
-8.142878838458553550e-03
-7.830364992651663372e-03
-7.954998390220818782e-03
-7.827256972776402283e-03
-8.355632466773441069e-03
-8.294142422775442267e-03
-8.459494633228885688e-03
-7.738098224913998562e-03
-8.738656861628295650e-03
-8.173322905409674544e-03
-7.785434248757810288e-03
-9.019030540771721602e-03
-8.116482286280113714e-03
-7.815866190653244366e-03
-1.051588764116972302e-02
-8.952402715904982794e-03
-7.848450693655920768e-03
-8.632534334833548775e-03
-8.393313224292285601e-03
-7.567353861331238725e-03
-7.722735871703741845e-03
-8.857920875404400041e-03
-7.866282942798036304e-03
-9.068090788396801841e-03
-7.016400270490599431e-03
-8.346377703140559975e-03
-8.605182337722816141e-03
-8.684632076388162578e-03
-7.859913014314798968e-03
-8.447060494159294372e-03
-8.385093051527394911e-03
-9.510064229688381526e-03
-7.657212773474108593e-03
-8.198448094046375395e-03
-9.152467088644073920e-03
-8.248409146970218930e-03
-9.509524152786264645e-03
-7.793963337079644685e-03
-9.573030742439366664e-03
-8.544076495425129147e-03
-7.797719802833258038e-03
-8.986681622601692260e-03
-7.963320268420510939e-03
-8.269819184364047768e-03
-8.151427020661268855e-03
-1.018043195176708202e-02
-8.327460575702704329e-03
-8.590318688735727737e-03
-8.125864437508076646e-03
-8.470857992676536496e-03
-8.453353506165009468e-03
-8.353527814358526274e-03
-7.688932322052134845e-03
-8.583408351598076011e-03
-8.311555605346387585e-03
-8.926577526219951070e-03
-8.939132940284647694e-03
-9.201900742611445264e-03
-8.955931762233550891e-03
-9.982355186159152377e-03
-7.978442227626241293e-03
-8.016917405144406011e-03
-8.475721993833793336e-03
-8.549886692520871842e-03
-8.295750328508735144e-03
-8.457143608397176687e-03
-8.441950177694147739e-03
-8.089683575828664555e-03
-8.477806050111575537e-03
-8.283594163013151615e-03
-8.049883741438801713e-03
-8.661144439501174130e-03
-8.366309763945145583e-03
-8.339285019408461050e-03
-9.040532072298412478e-03
-8.902247008219534713e-03
-8.449084032563884683e-03
-7.760180112905682402e-03
-7.729472941371291934e-03
-8.442731404247730970e-03
-8.562512430182344161e-03
-9.157776998931853318e-03
-9.456072921779579143e-03
-8.826334474398428442e-03
-8.684388809606286008e-03
-8.860501699259273542e-03
-8.290677653115351500e-03
-8.557271534864607440e-03
-8.409665104677332970e-03
-8.136419963265629357e-03
-9.128638983157653930e-03
-8.335018142370866426e-03
-9.421565791922010408e-03
-8.128672312889889326e-03
-7.989865460059648872e-03
-8.349996757222692689e-03
-8.384232739224778755e-03
-7.570454636586329555e-03
-8.990293293715725248e-03
-8.972162073283086736e-03
-7.645649231936399795e-03
-8.255751457816784891e-03
-8.028836568439850011e-03
-9.206497012760887083e-03
-8.931192332879075990e-03
-9.005501537647257401e-03
-8.309178802453295182e-03
-9.224963171722022973e-03
-7.762915216840478305e-03
-7.848193888808153648e-03
-9.933782084651213498e-03
-8.340629011668567599e-03
-7.965353904347948627e-03
-8.011098060385444392e-03
-8.817929279764474132e-03
-9.532157670782328424e-03
-8.992886386225305492e-03
-8.233703346730113573e-03
-8.337929944497130680e-03
-8.942570806792178584e-03
-7.692368702907065661e-03
-8.291715792085586206e-03
-7.631245218117709700e-03
-7.653017313080536996e-03
-9.047147380874717357e-03
-8.380593550447767645e-03
-7.668751309519352549e-03
-9.407166151659743583e-03
-8.985762756325890374e-03
-8.062524558469931490e-03
-8.815520319168608510e-03
-9.268898705933045767e-03
-8.181599588356068195e-03
-8.817985310854351347e-03
-8.696203170046603106e-03
-8.367260896623237090e-03
-8.040958777389075815e-03
-8.423225502130983824e-03
-9.967002344015101975e-03
-7.582419398795559908e-03
-8.469545111526191258e-03
-7.411670351982675188e-03
-8.446291482632159800e-03
-7.426437216175752788e-03
-9.560382902793937779e-03
-8.461305760453324137e-03
-8.393516558894181107e-03
-8.116978839215839570e-03
-7.636669136048485421e-03
-7.985949205120513456e-03
-8.713426122232819163e-03
-9.138388799732180545e-03
-8.656016273224022284e-03
-9.652007449533331340e-03
-8.406666533825797941e-03
-8.132018848243291118e-03
-8.235062551436578282e-03
-8.745797613538682999e-03
-8.513737989799102443e-03
-7.623278867246263343e-03
-7.956979446233070769e-03
-9.288886881639434739e-03
-7.970879377738635668e-03
-8.709374094391869950e-03
-8.973629708264964366e-03
-8.973455028796440899e-03
-8.920120793528073244e-03
-8.777852543672136007e-03
-9.098468100194273198e-03
-7.774240911096182843e-03
-9.203339798915598224e-03
-8.257485293775176233e-03
-8.003715002832006986e-03
-7.765922275290307666e-03
-8.087891871825569901e-03
-8.165323898709272304e-03
-7.639143433676163705e-03
-8.108225684525348018e-03
-9.149853508897909382e-03
-7.800155172255600865e-03
-8.191612798264278489e-03
-8.284499904061319586e-03
-8.853123801024063988e-03
-8.529502143984872206e-03
-7.220287828975122633e-03
-9.505424405393720494e-03
-9.232640385098798627e-03
-7.789805523001435902e-03
-8.879513027892067464e-03
-8.323640336466927442e-03
-8.830713510085179407e-03
-7.930672026480130310e-03
-7.939667668271173720e-03
-1.017192050540205277e-02
-7.255668421659536987e-03
-8.263457665114271045e-03
-8.178417748867719897e-03
-9.024095584578326057e-03
-8.765356680709986831e-03
-8.915614929648339737e-03
-7.446482314395167813e-03
-7.744184955557411286e-03
-7.814931759174954459e-03
-7.887077141102320083e-03
-7.618716876770190508e-03
-8.975654810360389479e-03
-7.355587769990436231e-03
-8.337921564902475366e-03
-8.395284581651365347e-03
-8.168327975528433607e-03
-8.390213622269947907e-03
-8.379325895697854396e-03
-8.603583281929059676e-03
-8.574680924485815481e-03
-8.403569587825140616e-03
-8.805147792047243044e-03
-8.001542597902552498e-03
-8.451112411102195895e-03
-7.744173796659050389e-03
-8.834433145984869201e-03
-8.640568820291174776e-03
-8.577098420194948294e-03
-9.688413278995710101e-03
-8.891148660378789606e-03
-9.142764432010798067e-03
-8.366936326475990504e-03
-7.851360274422108237e-03
-7.693536509556632950e-03
-7.610736568869360362e-03
-7.749614739177566533e-03
-7.842023902963419363e-03
-8.393318833069736765e-03
-8.283558730715010962e-03
-7.281580151705931842e-03
-9.194788727794285521e-03
-8.264342864530673655e-03
-7.853606389948950689e-03
-8.356811434827438392e-03
-7.883917020766819522e-03
-7.251059168832675074e-03
-8.238368584296208025e-03
-8.353966198974500934e-03
-8.988063382092844472e-03
-8.206258180200650537e-03
-8.363674225142879795e-03
-7.793064045524884798e-03
-9.799787222773252010e-03
-8.395783350008855644e-03
-9.157444717216479610e-03
-9.354626761522601489e-03
-9.064721061462235885e-03
-7.608338405848323778e-03
-9.113409062675190825e-03
-7.992867667867487730e-03
-8.757564965840642507e-03
-8.385533223546036419e-03
-7.491810653899757047e-03
-7.836103467927202706e-03
-8.077107888640666297e-03
-8.849855835373992424e-03
-8.846186382744992624e-03
-8.673209471126527847e-03
-8.638134828520901629e-03
-8.062835744937980192e-03
-8.528840836130899966e-03
-8.293747381364654017e-03
-8.888929365974719554e-03
-8.566054435876931800e-03
-9.179908583851844120e-03
-8.615568052933765542e-03
-9.221828657279216787e-03
-8.843969834366693927e-03
-8.634630411917526907e-03
-8.146043044360468804e-03
-8.067330073996870424e-03
-8.045774781681126406e-03
-8.410060490671882050e-03
-8.384227950903523630e-03
-9.269320834499187797e-03
-8.595906235138157589e-03
-9.676897888379366874e-03
-9.118041627291371964e-03
-7.908437979040686128e-03
-8.505372577207284332e-03
-9.086496281437908898e-03
-7.729311590816492945e-03
-8.232461373899093923e-03
-8.407473131931131327e-03
-7.621136108143296110e-03
-9.324139023439969101e-03
-8.731987909134493464e-03
-7.422033437050598592e-03
-8.613801433494518850e-03
-8.737528177224290413e-03
-7.402124700619022377e-03
-7.779462265013625637e-03
-8.329880037298072193e-03
-8.860845089469625291e-03
-9.411240122503553712e-03
-8.472184437421583988e-03
-8.502243510911198371e-03
-7.905255430181383491e-03
-9.186109330521274874e-03
-8.799153765777915567e-03
-8.757370823999547846e-03
-8.199727255622157526e-03
-9.141027689320492533e-03
-8.144405694791476483e-03
-9.351983763630529814e-03
-9.245037010188736359e-03
-7.446814018791137434e-03
-8.219780907073176435e-03
-8.132102948109783819e-03
-8.939572909797389999e-03
-8.742333530281828566e-03
-8.170109058207659231e-03
-9.861270090950127742e-03
-8.539931741677228919e-03
-7.708336843830135635e-03
-9.143367827242314047e-03
-9.456976767611490614e-03
-9.234490315037011815e-03
-8.229781132213903269e-03
-7.307919065370616432e-03
-8.502241603420951019e-03
-9.695322055324299970e-03
-8.480994136733420105e-03
-7.633695406349477741e-03
-8.960039110536279286e-03
-8.573693200893173910e-03
-8.192090313542352634e-03
-8.263904018611517577e-03
-8.365568150486139484e-03
-8.360642239875430010e-03
-7.832922812224201933e-03
-8.379359892611870989e-03
-8.835969172319876191e-03
-7.828167800277072499e-03
-7.375249969728315397e-03
-8.494876602134920213e-03
-9.802283469922229778e-03
-9.599235324560190588e-03
-7.343496188144928161e-03
-8.107275130846853042e-03
-8.394415410348823187e-03
-9.160821776423825821e-03
-8.027652197092961447e-03
-8.368356231648593074e-03
-8.181008685518235957e-03
-8.434251071280617074e-03
-8.268745210415673688e-03
-7.646031919015863591e-03
-9.001012704438683676e-03
-8.584230159474657423e-03
-8.591133892291073423e-03
-8.487865817515191647e-03
-9.324620810163063850e-03
-8.945388772135364625e-03
-9.203087691614332197e-03
-7.518060715892573541e-03
-8.457791012222498281e-03
-8.438993334513830366e-03
-7.858427752751554959e-03
-7.521348817672910900e-03
-9.078384404145659753e-03
-8.717551403885010972e-03
-7.724276574491560632e-03
-8.404335425639817420e-03
-7.690655464304080660e-03
-8.523186657963782720e-03
-9.412868701173943142e-03
-8.706788469828695073e-03
-8.795801548776082529e-03
-9.452823657803513871e-03
-8.081490581090046074e-03
-8.863472596248565122e-03
-7.340319130816593332e-03
-8.486240805660148767e-03
-9.044024701716078807e-03
-8.813581340809057210e-03
-7.660375266340977568e-03
-7.735790010576735001e-03
-8.077135748304721183e-03
-9.361358870395155435e-03
-9.276745010295758473e-03
-8.409520722334577758e-03
-7.980300033544050417e-03
-8.011159750908018393e-03
-8.873894925522398530e-03
-8.065792388036861771e-03
-8.720675628635930418e-03
-8.846873842692398390e-03
-8.439474658769031273e-03
-8.529081058689368458e-03
-7.897792028003069315e-03
-9.448402995777012772e-03
-7.754676185546575777e-03
-8.180458729152514236e-03
-8.338161518892781357e-03
-8.090814588355829326e-03
-8.892927185398365186e-03
-7.876070268450326844e-03
-8.717472693268547151e-03
-7.912989590809819951e-03
-8.940719396834381077e-03
-9.087412840287125912e-03
-8.784825850279840906e-03
-7.746436769553141470e-03
-8.173811286468241066e-03
-8.912716235570843429e-03
-9.184300707745104986e-03
-7.987465685772236756e-03
-8.085886178196704382e-03
-7.332439137906172216e-03
-7.768970599545532187e-03
-8.517937225051380040e-03
-8.238916889267103305e-03
-8.568511644015813777e-03
-8.059297226880476200e-03
-9.260787367088471958e-03
-9.423343354120872206e-03
-7.335299437884540245e-03
-9.293777493509035315e-03
-7.739765503829412231e-03
-8.319915629183235670e-03
-8.572011748488022470e-03
-8.632353302379006110e-03
-7.874715847630326185e-03
-8.203865309289078145e-03
-9.118064567956565836e-03
-8.622788806240721041e-03
-9.541545768211763534e-03
-8.471059582758129480e-03
-8.304694752294037446e-03
-8.097173726637485469e-03
-9.397408716827098871e-03
-7.657766356941978457e-03
-7.717422522982405469e-03
-8.648564920134958756e-03
-8.048953274200595573e-03
-9.594197532545898494e-03
-8.527537091602352404e-03
-9.478565258685699157e-03
-8.559812332364007820e-03
-9.017756806807311967e-03
-8.717794306189234621e-03
-8.559272817419617818e-03
-8.206918952694234812e-03
-8.163549422219782553e-03
-9.423607057569617987e-03
-8.589180124739401179e-03
-8.598283860585479582e-03
-8.238542382764545494e-03
-7.755067879514149047e-03
-8.732908261451703333e-03
-9.105283528089499687e-03
-8.305594570720551892e-03
-8.263065426323479984e-03
-7.752953906318900933e-03
-8.552777344607104260e-03
-1.018650590709867416e-02
-7.850955725794960330e-03
-8.283895878179273545e-03
-8.363930418706600964e-03
-7.547306397697225132e-03
-8.580502056882996845e-03
-8.887204604348093381e-03
-8.866655575082387289e-03
-8.786735361872965999e-03
-7.532549445324852877e-03
-8.566593579397060662e-03
-8.600653199337148988e-03
-8.045856914995158302e-03
-8.461791209936196656e-03
-7.933094164716335966e-03
-7.256732344955184322e-03
-9.130750163657271740e-03
-8.269029866457546993e-03
-9.297895765865689041e-03
-7.275258430122578772e-03
-8.508411647872771502e-03
-7.535184198908449066e-03
-9.287704863039003902e-03
-8.368388327305204683e-03
-8.325442790359809456e-03
-8.856957937693147459e-03
-8.497549537377647663e-03
-8.079746956319589987e-03
-8.948150715804766356e-03
-9.251876676758254495e-03
-8.068085640240812637e-03
-9.272588822615298806e-03
-8.745970379523702876e-03
-8.638357740226780199e-03
-8.207058250367627386e-03
-7.971560096935767503e-03
-7.940990651436146547e-03
-8.224022425596605804e-03
-8.908066201722174629e-03
-8.295041419709115946e-03
-7.917580155569156966e-03
-8.354119662422049633e-03
-7.902069248254959405e-03
-7.126777639110948130e-03
-7.996006725157623132e-03
-7.906652520814773377e-03
-8.248822012212818702e-03
-7.895320278018277613e-03
-7.953880963886441127e-03
-7.740406215916510388e-03
-9.252846705635260627e-03
-8.039280124183973211e-03
-7.992585006588240337e-03
-8.200656546777819814e-03
-9.543857860884429056e-03
-8.158291588365217464e-03
-8.382105693935082077e-03
-8.416132128108643265e-03
-8.436497726718889326e-03
-8.361018028063490343e-03
-7.957710180838368369e-03
-8.991272847508783445e-03
-8.802146668959676123e-03
-8.577713728710016639e-03
-8.218627044607971013e-03
-7.861407744836786810e-03
-8.313776787641483437e-03
-8.324746579993422269e-03
-7.991809580240625405e-03
-8.440862038577363891e-03
-8.746931531193283260e-03
-8.576145620790526919e-03
-8.183354527222398006e-03
-8.989231107460703835e-03
-8.564487775422452778e-03
-7.959969928591074592e-03
-8.494360638822034612e-03
-8.215614133611930103e-03
-7.478622053703086990e-03
-8.491874763313670901e-03
-9.122995345523202126e-03
-7.591953236663862362e-03
-7.661817381542463876e-03
-9.571553121045715123e-03
-9.185543938568265648e-03
-8.701532988763319154e-03
-8.723405219300425090e-03
-8.420687425477269353e-03
-7.941750759535144005e-03
-9.070478695863054552e-03
-9.923174554246494070e-03
-8.695547826065982630e-03
-8.293215816381796848e-03
-8.574665191356916835e-03
-7.667944032999718731e-03
-8.860362552335890665e-03
-8.138483536333332088e-03
-8.346970645908792161e-03
-8.824877574762737473e-03
-8.155238964126442294e-03
-7.041054161084877791e-03
-9.110705465996474239e-03
-7.652947663608081902e-03
-7.731997614996484296e-03
-8.657419334861121002e-03
-7.831498263011346314e-03
-9.215468409361535218e-03
-8.274945043189206248e-03
-8.221000088425885546e-03
-7.704118870881720288e-03
-7.953802060076944555e-03
-7.393581772519187273e-03
-8.140010100509987093e-03
-7.895018046155508409e-03
-8.072915675181816658e-03
-8.678179604780017140e-03
-7.706545905425866635e-03
-7.714116450055984696e-03
-7.630830832903596692e-03
-8.238467445669819811e-03
-8.920805292842457282e-03
-8.116352187679738359e-03
-9.133319494745609918e-03
-8.343864933657300226e-03
-9.673816163647101091e-03
-8.620594730955855392e-03
-8.475759421584396977e-03
-9.110351759427051666e-03
-7.779368467243521698e-03
-8.894914564785548483e-03
-9.182834110371544331e-03
-8.415113361199912101e-03
-8.750758315751042474e-03
-8.103693398153991034e-03
-9.408607409502936156e-03
-8.560540085550160869e-03
-8.921271938794791620e-03
-8.642513689401491728e-03
-8.273592352539686431e-03
-8.665441101849359964e-03
-8.275103499861083747e-03
-8.848708774608807920e-03
-9.445661943321997933e-03
-9.115667266257404186e-03
-8.068409419692845058e-03
-8.100862718972229315e-03
-8.241934860471174587e-03
-9.096298931800826659e-03
-9.212007269249287283e-03
-9.516543759466797314e-03
-9.184019779265101963e-03
-9.388659514258447178e-03
-9.255631214594396347e-03
-8.834456977675993194e-03
-9.441935379543369214e-03
-8.948416125383738817e-03
-9.185149635199434809e-03
-8.232815959687569962e-03
-8.856248262097757284e-03
-8.545237392100533264e-03
-9.070597472978890116e-03
-7.974894697953817738e-03
-8.916528486560255581e-03
-8.391782263703137859e-03
-8.864012826654710936e-03
-8.470943503328991209e-03
-8.876384727210516815e-03
-8.818992800234511792e-03
-8.816427876456259943e-03
-8.642953024270209200e-03
-8.411660708212040719e-03
-9.161256896269152211e-03
-8.929944516408850133e-03
-8.935987149788672188e-03
-7.943403918725812363e-03
-8.491240400964345653e-03
-8.820242220287818208e-03
-8.827288105226357984e-03
-8.229339088207989969e-03
-8.109494870305471864e-03
-9.324592405714610815e-03
-8.926441707966565817e-03
-8.726569313393075372e-03
-8.748741131670484394e-03
-8.848453782812260374e-03
-8.678094717545119588e-03
-8.588431717027418880e-03
-8.871064856412060745e-03
-8.168436149329378129e-03
-8.854916156691587659e-03
-8.951786358498369650e-03
-8.869105519384256481e-03
-9.088066981433986710e-03
-7.974821596114725283e-03
-9.345416722656443853e-03
-9.447527313392187903e-03
-8.756649129133368958e-03
-9.706119393909650589e-03
-8.686407295191761815e-03
-9.121423923274267834e-03
-9.192878714613298904e-03
-8.392705633246184960e-03
-8.842421694745417060e-03
-8.792136619877767914e-03
-8.548868540458932214e-03
-8.451995853038058934e-03
-8.757777630357134122e-03
-8.316717390257688525e-03
-8.295215989793200406e-03
-8.611441285278525690e-03
-8.558235992758483901e-03
-8.942570806792178584e-03
-8.528840836130899966e-03
-8.558235992758483901e-03
