2.443338649920480665e-01
2.254835263619465180e-01
2.116076571354534031e-01
1.885820848138145545e-01
2.453661487573825517e-01
1.787586818162567315e-01
1.332944726240202771e-01
1.237278388411036240e-01
8.429200166451333853e-02
2.183443689332190130e-01
1.321576426936444393e-01
1.672843832650992013e-01
4.335413421991718419e-01
1.246632829374418466e-01
2.467202618126268510e-01
1.998212511228112109e-01
3.996438524787326863e-01
2.247161811032407641e-01
2.365982443453440720e-01
1.306377575528120671e-01
1.465671594115993126e-01
1.750742415725527190e-01
2.140468186801231798e-01
1.579724328286712109e-01
1.557330051339267940e-01
7.496772072240762141e-02
1.473904623201160446e-01
1.014167140022646380e-01
1.903886927948533203e-01
1.077116732599031346e-01
2.428875678425117535e-01
2.015850431119974584e-01
1.617237517642865774e-01
1.387408564084239015e-01
1.760702677256347493e-01
2.372042206215565219e-01
1.414550971796776357e-01
1.317702166967081590e-01
1.604334019460753880e-01
1.636931986834375408e-01
1.845477765716742879e-01
2.389807511556092112e-01
1.928443244215644614e-01
1.060731022016339897e-01
1.490019749533104398e-01
1.945070890627710880e-01
1.393407693693859140e-01
5.654188436665199408e-02
1.120818459581019721e-01
1.393270109390567779e-01
1.867224888136608529e-01
2.301720193529666614e-01
2.300535138675482427e-01
1.479892054497467802e-01
2.634763344065930157e-01
1.073386861342786880e-01
2.577449167458313317e-01
1.649415177699233848e-01
1.273198069238800634e-01
1.156103873813505573e-01
1.920879924413095852e-01
2.203200712628123892e-01
2.346261974596223487e-01
3.101654214653734032e-01
1.329200025918512995e-01
2.556299830957685093e-01
1.048392739385381051e-01
1.026570500925804569e-01
9.588387983687921001e-02
1.738143749551779860e-01
1.653722686072940373e-01
1.599112315284523800e-01
1.614597579773750513e-01
2.035034027410864421e-01
1.619367503998832558e-01
1.934451557383927434e-01
1.821171479767785539e-01
2.206477945504420335e-01
2.140218562562493654e-01
1.014004138999375082e-01
2.266312299385318529e-01
2.435845233754261874e-01
1.214560178007036972e-01
1.976405996099245554e-01
1.402605735227227535e-01
2.737321264978737623e-01
1.411092010038104139e-01
2.286992525831828826e-01
1.629134135918032245e-01
2.763874945140252226e-01
2.281922507377922293e-01
3.087267896166611680e-01
2.199080901783612152e-01
1.220414046481645420e-01
1.648546163167022849e-01
2.066578347303586471e-01
7.402234170663719859e-02
1.471907869743784292e-01
2.073652940385448395e-01
3.265417572096193100e-01
2.274684291777973044e-01
1.440633879930084127e-01
1.871089395856103399e-01
2.538517871873061660e-01
2.539270172740027975e-01
1.109596812550229794e-01
1.420155129672128203e-01
1.833885780391263376e-01
1.096801224732721902e-01
1.495861265107430171e-01
1.437142253508499612e-01
2.827439798237905144e-01
2.506105208068965529e-01
1.961643654014712523e-01
1.451078821371332983e-01
1.985603241712452505e-01
1.891397634723035182e-01
3.560963350768293068e-01
1.632370703375784216e-01
2.381569195726122856e-01
2.688913521499389780e-01
1.005934469676572768e-01
1.835465734480203892e-01
1.766508271705064526e-01
1.266257575547388436e-01
2.865854003896187718e-01
1.849619282331332604e-01
1.751658996330277829e-01
1.637507388953279019e-01
2.225272217225591764e-01
2.356648738771710827e-01
2.442176384707378245e-01
1.260700128972646328e-01
2.347606901134616231e-01
2.118620323421050444e-01
1.525364753500723092e-01
1.969987156198869382e-01
2.134788478714614302e-01
1.580029783625345741e-01
1.431646297497867204e-01
1.979293264174631639e-01
4.010145487424363053e-01
1.734136047592166052e-01
9.880701329274703404e-02
2.283042072990611182e-01
1.418643629104510140e-01
1.265260100093196505e-01
2.056932310853472612e-01
1.391623914054168631e-01
1.832644620200052366e-01
1.811800484327413530e-01
1.701008853599849102e-01
1.594370761013027549e-01
1.402632047428263584e-01
1.977243917402007334e-01
2.682625323996614131e-01
2.509926061215070892e-01
3.163622366635564509e-01
1.172731429158877514e-01
2.490760372906924980e-01
1.584316472403593801e-01
1.911179236302391615e-01
2.705841205994712340e-01
1.238408652514367964e-01
1.476875333510943578e-01
2.124304054943169928e-01
2.023314603964100900e-01
1.981061443267572164e-01
3.304029232081937550e-01
1.088573266118213617e-01
1.075818855169193705e-01
7.996049403781048392e-02
1.357053787577780501e-01
3.385506115856813936e-01
5.671970848068795534e-02
2.045167472747476956e-01
1.519890638408100403e-01
1.521005248093123541e-01
2.134160305783907585e-01
2.569569577411254246e-01
1.349531928856520790e-01
2.047580219027028969e-01
1.233998397517497431e-01
1.617874249676548304e-01
1.444759124676705531e-01
6.783914486768287400e-02
1.036262986251000051e-01
1.358127203697767071e-01
2.194823513721331776e-01
1.455365086072636649e-01
9.457515025313964485e-02
1.782405750266602418e-01
1.081476143621069030e-01
2.926911677188900884e-01
1.369632021606878580e-01
1.018667233906233177e-01
2.757796721116635430e-01
3.684129111306254090e-01
1.855479357002867979e-01
1.598408188311141453e-01
1.817788390521158370e-01
3.123534238512507000e-01
2.293859931531894158e-01
1.179520814567632803e-01
2.848446706185931987e-01
1.230000083039253650e-01
3.692712677222561024e-01
1.880669474779932959e-01
1.898037060604834680e-01
1.939207059327955063e-01
2.457221814754083078e-01
1.915794207411274097e-01
1.382594366744091530e-01
1.100800528335336981e-01
2.519565670396180512e-01
1.998326145580874291e-01
3.606877720882798455e-01
1.273649342777454230e-01
1.201597727416167660e-01
1.226944627196222271e-01
1.800370776183458643e-01
1.025026836535258140e-01
9.792944763922770135e-02
3.247394917210197351e-01
1.258188486147277241e-01
2.489209946727118372e-01
1.103910404681476692e-01
2.800564206304702042e-01
1.178707685688388934e-01
1.738052974923826044e-01
1.488507918186324219e-01
7.433283712862520654e-02
1.760931147226198479e-01
1.798988185967468068e-01
2.210946113316677730e-01
2.110092015232980789e-01
1.675964861078532153e-01
2.197001754140381902e-01
7.912989890083825528e-02
3.265719847425945788e-01
1.475742405254031886e-01
2.316085582001325971e-01
2.328833768569618379e-01
1.371862259657341820e-01
1.666939461092322439e-01
1.609621129884326873e-01
6.088877998534802244e-02
1.847794945923550980e-01
1.715402699744013326e-01
1.473964651868358011e-01
1.219732342927582064e-01
1.360432051477266091e-01
2.305078020188714438e-01
2.070667879972222236e-01
1.429108459475999238e-01
2.826152698639629035e-01
1.391861949337171445e-01
3.031447915577420993e-01
1.981816079748984216e-01
1.976821743012565080e-01
2.065709465079839102e-01
8.921361888272343055e-02
2.202594648359857965e-01
2.635904801497063743e-01
1.183904905749210978e-01
2.182430652898711687e-01
1.586163817262188358e-01
1.188371891768922328e-01
1.328678911871877810e-01
1.332323124108313606e-01
1.848444100193769590e-01
1.342540510423395894e-01
9.216881448416391898e-02
1.366810701305769538e-01
1.329060047514320497e-01
1.765166068117668130e-01
2.984261334925281672e-01
1.617384479035635925e-01
3.209249947124041547e-01
2.160784983598642572e-01
1.360246236295388766e-01
1.966030210814470325e-01
1.838183052266555706e-01
2.125205982335867383e-01
2.202794782579322597e-01
1.516054575643868696e-01
1.831308458699535957e-01
6.719391700157846536e-02
9.036926396956743157e-02
1.293079504715014538e-01
1.377954493315003970e-01
2.101986646953243332e-01
2.381731959781221708e-01
1.384992876153523234e-01
1.527706618715263531e-01
1.116243181395926293e-01
1.707134281057856584e-01
1.883142196018568193e-01
1.785813504407138819e-01
1.812398380683505061e-01
7.330502612623834846e-02
2.225191136975411266e-01
1.257138255003907301e-01
9.808143505938556050e-02
1.252775265612416922e-01
2.689689860633583396e-01
1.916079561110123342e-01
2.059688413533872497e-01
2.164679773541282881e-01
1.294708416709461629e-01
1.918686852960098388e-01
1.228958875725750244e-01
2.202142208255823685e-01
1.949762550360622515e-01
2.031397285481547910e-01
1.624463976733881154e-01
1.415168913329117595e-01
2.454717914511782006e-01
2.318413423071317703e-01
1.912880533649539971e-01
1.917699192650069162e-01
1.257726918853189491e-01
2.993429242661134193e-01
2.588065157887250445e-01
1.603536962406229560e-01
2.256339594917379232e-01
1.845889232083055276e-01
1.913681137328708537e-01
1.614798273245365845e-01
2.274701727145691799e-01
2.154927608302175945e-01
1.531207626579647041e-01
1.496390207170930353e-01
1.841397103990978779e-01
2.132975146653902920e-01
1.236384213963278300e-01
2.914591697768904588e-01
2.806576717656012465e-01
1.180910318368209033e-01
1.120851223271134012e-01
1.647798818571858392e-01
2.411058476577994936e-01
1.359359434507817488e-01
2.046123572643137045e-01
1.594489759676775698e-01
8.825700152198498460e-02
1.996558168036659808e-01
1.332827888064534172e-01
3.776232206573904016e-01
1.556875350761646737e-01
8.535066477398560447e-02
1.433478004969833408e-01
1.681779431061782293e-01
1.592047624604798484e-01
1.316713453932595868e-01
6.112155556834288073e-02
2.135458211091142700e-01
1.325616343843806222e-01
2.554413488686337885e-01
2.856819804013330799e-01
1.617272307705912016e-01
2.006958261384124143e-01
1.142524059923115676e-01
1.288087382943957360e-01
2.478705519861721662e-01
6.455898639251154980e-02
2.116585917080300028e-01
1.643570112521977045e-01
2.154414685549645159e-01
7.659003219550690467e-02
1.352082241447746247e-01
1.811014274291259385e-01
2.560256990581689651e-01
1.953960800729223068e-01
1.839067028939781467e-01
1.746019287754796701e-01
2.840795567859630832e-01
1.788084896896405818e-01
1.755591071574134632e-01
1.276209468168931771e-01
1.772747724249448820e-01
1.550696502080168293e-01
1.055876995821013742e-01
1.340819312954828479e-01
1.685494094909548990e-01
1.955290564561148747e-01
1.323984604461673764e-01
1.378020392447353026e-01
1.523352686335879558e-01
1.710224778728185735e-01
2.603655113102554819e-01
1.720543772167054120e-01
2.377032511781932700e-01
1.582583527742751350e-01
2.127006831305479073e-01
2.025140893437847867e-01
1.851754059858983781e-01
2.000352076241534993e-01
2.424319410755843840e-01
7.609873954409401842e-02
1.690278048676864819e-01
2.045850494831302213e-01
2.231079310272143235e-01
1.599508253637061950e-01
1.899486793723503819e-01
1.336692714388753311e-01
1.656726333427970266e-01
1.291354600762160132e-01
1.303913190231516250e-01
1.904513148506752351e-01
1.890319974390779201e-01
3.356140060352633681e-01
1.650266621254363464e-01
1.929315708901893911e-01
1.530535568108724875e-01
1.199996926830030064e-01
1.435892342832780222e-01
2.003891392574178310e-01
2.315490610620968837e-01
1.489159377714029953e-01
1.267591691038075785e-01
2.490001491913559906e-01
1.111541931487651236e-01
2.144383861130156610e-01
1.639999214444942122e-01
2.077160738056514910e-01
1.684260096391915484e-01
1.883511295559522902e-01
1.071093838217446192e-01
1.003801938072074740e-01
1.475632674292722823e-01
1.257293626449687562e-01
1.853197429236763949e-01
2.349604650956331198e-01
1.103559690190025200e-01
1.982474477101600907e-01
2.229872940548688898e-01
2.366693930053418715e-01
1.269621263777318265e-01
2.261419508892813790e-01
7.759356791041935320e-02
1.786267309526579083e-01
1.496226786506699713e-01
1.120971159913163595e-01
2.271946477087491978e-01
1.786258786404850418e-01
2.747254760489616365e-01
3.985256828975373700e-01
1.738774260679150641e-01
1.952929076722798307e-01
1.538339241718163497e-01
8.116322654863097896e-02
9.290937687592083771e-02
2.131507943752685430e-01
1.136583717005577865e-01
1.121215199805018076e-01
1.034892118965107938e-01
1.355267447840490525e-01
1.905246715548192249e-01
1.999338304635809027e-01
1.644691085521464979e-01
1.290950120468750961e-01
6.813468434206368385e-02
2.338356844826671166e-01
2.606908437898059483e-01
2.589120599148324042e-01
1.958074928620356925e-01
3.231027577248207217e-01
1.466899167745805699e-01
2.069987147747448797e-01
1.659641295592985122e-01
2.089277853836907506e-01
2.943995557527451790e-01
1.844955917708505089e-01
1.480474026510259777e-01
2.284444534486765321e-01
1.041384023971221040e-01
8.492025879284258172e-02
1.835914485237978011e-01
1.899935548463277668e-01
1.892483042487284883e-01
3.134595187497400959e-01
1.929370270265988452e-01
2.485381467680488343e-01
1.860652777813177616e-01
7.861168983840836899e-02
1.522370029249949519e-01
1.177415551782784731e-01
1.126944876447800448e-01
1.364548272529569062e-01
1.141165118959734937e-01
1.602828963863279776e-01
1.561995105844407317e-01
2.700264457357517967e-01
1.647776382537881334e-01
1.110365826689567459e-01
3.310259333899292500e-01
2.184457212039284668e-01
2.376385208216044709e-01
1.794416900113378621e-01
2.163706322618245137e-01
1.586961070189600864e-01
1.150310283112227494e-01
2.059799734986957065e-01
2.487256736136349844e-01
1.590920826122114717e-01
1.649756445968506846e-01
1.602690993035168210e-01
2.233071230948180108e-01
9.379804852071760290e-02
1.609423969169173074e-01
1.858210663250206562e-01
1.208528099900782055e-01
1.707633339608078116e-01
1.714805546844306583e-01
1.507833381934434169e-01
2.580629984912469199e-01
6.767023274153152745e-02
3.758387131946786530e-01
1.163185799230409406e-01
1.634764462252519812e-01
2.727978724821594758e-01
1.464759155081166719e-01
1.106552968492180711e-01
2.944784556531527819e-01
3.072259258170749185e-01
1.801362574971983876e-01
2.673405331344775870e-01
2.364625606300904126e-01
7.929042692568416539e-02
2.554459617662777071e-01
1.965897998207079278e-01
2.159153684276699792e-01
2.381621199098938046e-01
1.979028980440843966e-01
1.318445285619396501e-01
1.629216395856986910e-01
1.409536541501929252e-01
2.428789739030382810e-01
1.074982482339883055e-01
2.641927579201614473e-01
1.930625076748613556e-01
2.033965268767400636e-01
1.015273414406386576e-01
1.347550884639929225e-01
2.312071563318765788e-01
8.375943257573317813e-02
1.639742085598164534e-01
1.285878083202394440e-01
2.821359139054075982e-01
1.941771015243738685e-01
2.510958741780995318e-01
2.344400487918279763e-01
1.537318010434679250e-01
1.637564602902189248e-01
1.938386324296737795e-01
1.532894667972387881e-01
3.740934849949060781e-01
8.323422984443806794e-02
1.798801575592758051e-01
3.259496803756282701e-01
2.260069589862492567e-01
1.886455202107022999e-01
2.544256505071833541e-01
2.195765423286086537e-01
1.966040273873184141e-01
9.529420913121366965e-02
1.609114794002637072e-01
1.118109713597654625e-01
1.841084904556602453e-01
6.217911053953628642e-02
2.580869100589678888e-01
2.264710114153133946e-01
1.123159188911106443e-01
2.214041736044030095e-01
3.017666523848280269e-01
2.185983453018359446e-01
1.499901827192321457e-01
1.086908579601093272e-01
1.446952463711221881e-01
2.117225985180927750e-01
1.536438309986865869e-01
2.049564454426295035e-01
1.819389270584281515e-01
1.182669230801879495e-01
1.868573992398553929e-01
1.379332595500198655e-01
2.036198187064656162e-01
1.522657135110297710e-01
3.348731605663386457e-01
8.901119660345091500e-02
2.056825110507621290e-01
1.129210985841133802e-01
1.970163934345478263e-01
1.468905819805716439e-01
1.266234808547363477e-01
1.932393322618737586e-01
1.890535673698831853e-01
1.911590410797574802e-01
1.698215681803917909e-01
1.670663657885678166e-01
2.006487920750280318e-01
9.489751724017950196e-02
1.334093700629404855e-01
1.892804663108691166e-01
1.578901572058006852e-01
2.264698468600129244e-01
2.983165944035835460e-01
1.260144494464962295e-01
2.148602951070101574e-01
1.547599012418148234e-01
2.084410123221269173e-01
2.567463666371791464e-01
1.382686916203822725e-01
1.065768807806392049e-01
2.070648199738116535e-01
2.155033665501484841e-01
2.078475761155696433e-01
2.614597222024065970e-01
2.423347289767595614e-01
1.486506637396240449e-01
1.036321108009245484e-01
1.868135776412915006e-01
1.500048578219132511e-01
1.325285093394475699e-01
2.227960238715829822e-01
2.165605074597224955e-01
1.610888708393024282e-01
1.121747087470872373e-01
1.827033093633355088e-01
1.185937643405395592e-01
1.380740803227423763e-01
1.272959790991824991e-01
1.471897251423855968e-01
2.197555547737502224e-01
2.434071923922850600e-01
1.615126586144519372e-01
1.417348103392174485e-01
1.424038123725561988e-01
2.445357390770704076e-01
1.095443671246385947e-01
2.276432992057611793e-01
2.430240758651051325e-01
8.069254257598290625e-02
1.673715612494006133e-01
1.580659032923108498e-01
1.690284231377547075e-01
2.862200039559059106e-01
1.818248549375691137e-01
8.026936179395985360e-02
1.887379496566243264e-01
2.145842051691990438e-01
1.154966881976815379e-01
1.138749319858615994e-01
2.161610669057716927e-01
1.455155497663373210e-01
1.658770998962610099e-01
1.942964124357351441e-01
2.488199489799304831e-01
2.380090129938265686e-01
1.017670720656315697e-01
2.656140032471591139e-01
3.551211633157798642e-01
1.032013635807674801e-01
1.222784646266006636e-01
1.017960663368715213e-01
2.566111731319957734e-01
2.552237436149377148e-01
1.167289457220461735e-01
2.201872449642462426e-01
1.980697049777914720e-01
1.684283676448327660e-01
1.476649285304166836e-01
3.208026180790901627e-01
1.748048131094677715e-01
2.607312233273719748e-01
9.093047874680801335e-02
1.102893770363888304e-01
1.171891755778166344e-01
1.761788096048409469e-01
1.384763319255839786e-01
2.889406163225402557e-01
6.287248427235749004e-02
2.292934320038345353e-01
2.294973537110112372e-01
2.087676087771553057e-01
2.432520360547329175e-01
1.971395793338547586e-01
1.734666921433659081e-01
9.078868993797810372e-02
2.804049478599917600e-01
2.231665121016246645e-01
1.927537301165249128e-01
2.477201100019094382e-01
1.453639277846828504e-01
1.775327698902959550e-01
1.876305588011200620e-01
9.662295061917265671e-02
1.808491971885848870e-01
2.477116230339078962e-01
2.580826850739570966e-01
2.112734915372157241e-01
1.183795975394064670e-01
1.375349359547246852e-01
2.598810547366768309e-01
2.524297525766739381e-01
1.531064335409409449e-01
1.301637999708740445e-01
1.384504550776172183e-01
2.763028018745334879e-01
1.806153457641646587e-01
2.511009171273017038e-01
2.514623226407756151e-01
1.902642053324707649e-01
1.420110888631856416e-01
1.001963811707609203e-01
1.644842242415152644e-01
2.890338666034227288e-01
1.763242587177509813e-01
7.925741871149033502e-02
1.745849283288577192e-01
2.592711198518064530e-01
2.461478162968718242e-01
1.760829451999370299e-01
1.127902586871429580e-01
1.602502412039112367e-01
1.312548024502522837e-01
1.884571764618726275e-01
1.360555306956098276e-01
1.658519258690156484e-01
1.402078694900332767e-01
3.092170847662553679e-01
1.762782818559416875e-01
1.015819886216941248e-01
7.177765929679644219e-02
2.644513556890599748e-01
2.111689062143636275e-01
3.500482320793205093e-01
2.697830249497110144e-01
8.434449434192679840e-02
1.180697780650563217e-01
1.730543157349557215e-01
1.249626160166052991e-01
1.181142745747880279e-01
1.571532220204556185e-01
2.300718636458025101e-01
2.003031550180509046e-01
3.419115394685091069e-01
1.102086993216250532e-01
2.150066978107216253e-01
1.526191181472271730e-01
1.592790568557247988e-01
2.208602865825648465e-01
2.021430275450407099e-01
1.680751821475936769e-01
1.050625627344975166e-01
1.895088281017468235e-01
1.205165877510250838e-01
2.578856391882083376e-01
8.599552263725408763e-02
2.340908537617378826e-01
2.345803559079448763e-01
1.359671055115602711e-01
1.666509748309450423e-01
8.132173486911115079e-02
1.359012575915493626e-01
1.025536162815535723e-01
1.444826539800804499e-01
6.610719794109459757e-02
3.781092422087198868e-01
1.611907703860903929e-01
1.921786612059937227e-01
1.646926145110650941e-01
7.788711810036647032e-02
9.080538984890582088e-02
1.430606586072455666e-01
1.335281824044169396e-01
2.938464699724751550e-01
2.411098143861893917e-01
9.995209007992628125e-02
1.523410072514433666e-01
1.958404260134937458e-01
1.994973317447064909e-01
1.090754194009783129e-01
1.823842863912167322e-01
1.974226043311199386e-01
1.530015284025850464e-01
2.006750474361032599e-01
2.170177203978752301e-01
1.272007892540591156e-01
1.080500791045613945e-01
1.685020087181289816e-01
1.585917543947214514e-01
1.948645910722751895e-01
1.355400518261478948e-01
2.087510564858802709e-01
2.665592824976045216e-01
2.258150422122177647e-01
1.240556471021847657e-01
4.585241740783975173e-01
8.577516134955240346e-02
1.913700658086915363e-01
1.673952110509420443e-01
2.332784828995420612e-01
2.162388289493190896e-01
2.881409732101600230e-01
8.331806425173599040e-02
9.029095964803693364e-02
2.314829099780913169e-01
2.981329773256695126e-01
2.737105875811545741e-01
1.383348046789281971e-01
7.675150836907340679e-02
9.879545200500206015e-02
1.881654497992129027e-01
2.214893143389673746e-01
8.618724175197187143e-02
1.781306945890810678e-01
1.344237550594715169e-01
1.522724642062721623e-01
1.259863543542850406e-01
2.063901635610038698e-01
8.905255601344035099e-02
1.776078665397599066e-01
2.057525748244884989e-01
1.473341782879485085e-01
2.244268893822711219e-01
3.554873080470590252e-01
2.269872288227756940e-01
1.369659864582290776e-01
2.758634009616937610e-01
2.314017892760469042e-01
2.239949853457712248e-01
1.884946180522170389e-01
1.356637635387686891e-01
2.520312493315575164e-01
2.024675877785364064e-01
1.823591518017839141e-01
8.834836556494379822e-02
1.063050160792040483e-01
2.237665026275669489e-01
1.394588926463566914e-01
2.097150288747548497e-01
2.598068940190729204e-01
2.008037427841177502e-01
1.895458642935717308e-01
1.992198709303474868e-01
1.916657349327295923e-01
1.305673740557030948e-01
2.415058681227928439e-01
2.991581479821540657e-01
2.522086147149630864e-01
1.609630934509503619e-01
2.097068282087472535e-01
1.105913333203141918e-01
1.329920591267012009e-01
1.382439898505566089e-01
9.349902378702620864e-02
1.869319153504367392e-01
1.801798014066911258e-01
1.442390557092554371e-01
1.950674827982683823e-01
2.287686560528314206e-01
1.506170783206262354e-01
2.178032850985621716e-01
1.361610866923271823e-01
1.699341799405457154e-01
1.101535872077389483e-01
1.143787921246560563e-01
1.650666327988419835e-01
1.188991371792725849e-01
1.467765703481218875e-01
2.764477480687850264e-01
2.602107931282785502e-01
3.959534401663271086e-01
1.512727851259822176e-01
1.145811380965306298e-01
1.853281279248735758e-01
1.908691092951933788e-01
1.342850401034098862e-01
2.321922806163079778e-01
1.988532449840350325e-01
2.321535390494163797e-01
1.976103058136587654e-01
3.009650976524864130e-01
1.325753443543856713e-01
2.065795298078696718e-01
2.111851318821766355e-01
1.221385973862276902e-01
1.890829288243232043e-01
8.526889461229898715e-02
1.276585261865880172e-01
2.340024559351026046e-01
2.608975514390087791e-01
1.487690122665659698e-01
1.706863657693190595e-01
2.141561752437197430e-01
4.308660114588134804e-01
2.002217096479841918e-01
1.960113382808980065e-01
1.950841744633433628e-01
2.260772075816856463e-01
2.667348526855315427e-01
2.249295571723413656e-01
1.713858325414634454e-01
1.849746624031642361e-01
1.040827499358982777e-01
1.742405561420334315e-01
1.163439352992370335e-01
3.621092154519234829e-01
1.568724714767580908e-01
1.361230462969678090e-01
1.349592918539884168e-01
6.984958478921129976e-02
1.615242448772603590e-01
1.452967477329642765e-01
1.104945333518528305e-01
1.735398138246348476e-01
5.008039928042439665e-02
2.121276502540301312e-01
1.172520219705883854e-01
1.758518350780716721e-01
1.249065688778861483e-01
1.706238358741763161e-01
2.219873772077064211e-01
1.659960414812352569e-01
1.179616952053298695e-01
1.256233521846312484e-01
1.764996370573963524e-01
1.392712174824192184e-01
2.129391622973089426e-01
1.212087347530063919e-01
1.179194999324602033e-01
5.147217658345415447e-02
6.602211755829737183e-02
1.970289453906514665e-01
1.408118330280946073e-01
1.212471206632281251e-01
9.692984455317892045e-02
1.088140480867130777e-01
9.968376247249016719e-02
1.559827405036240955e-01
1.174974703702556383e-01
1.387496060318390290e-01
8.122095317152910887e-02
2.223976111350238483e-01
1.077858535009701552e-01
1.420669484155918649e-01
1.062900526356073821e-01
1.227096518954104987e-01
7.932001212936214130e-02
1.535338604345916624e-01
1.534644845530134805e-01
8.766602309693471984e-02
1.205901309300085739e-01
8.137260009701641206e-02
1.141184295764733625e-01
9.352942299978736496e-02
1.693322719060622317e-01
9.133839206133982647e-02
8.335191136557031089e-02
8.313675434949149845e-02
1.332842401904758001e-01
1.670294849445250474e-01
1.803089904456010861e-01
1.383637671620314979e-01
9.045050806276098976e-02
1.308935894705383907e-01
1.170024398225192608e-01
1.531666700299716688e-01
1.458253101002750241e-01
1.294926614558518374e-01
1.425272617113406137e-01
1.093497407039030200e-01
1.308206469912455427e-01
8.942644565258460465e-02
7.664235234358278415e-02
1.631641804486788638e-01
5.482860836351367839e-02
1.312586199818300270e-01
8.399411382088453615e-02
7.674395785741670861e-02
1.397316947938381793e-01
1.639425581512128083e-01
1.234834396909950394e-01
8.877714759004065592e-02
9.724473056516816372e-02
1.033167885355934235e-01
1.364272519291858943e-01
1.262909855315751673e-01
1.083180112482848845e-01
1.283451314952169797e-01
1.492889387370226473e-01
1.203400331134973911e-01
1.262313263747549541e-01
1.120971159913163595e-01
1.522657135110297710e-01
1.262313263747549541e-01
