2.132874524179756426e-01
1.857385954501143965e-01
1.684119426581883183e-01
1.382443166211074770e-01
2.089807910899361132e-01
1.350977557538979301e-01
9.830511569624938994e-02
7.622473269343939262e-02
4.997167108414127257e-02
1.767131933318706605e-01
1.011590278376305330e-01
1.206820956432663738e-01
3.932919446040293865e-01
8.459651070154790287e-02
2.152104036393259756e-01
1.617171876681534060e-01
3.491077374142056988e-01
1.873624707820434887e-01
1.864782103319618800e-01
9.039803931826086159e-02
1.168912445767472663e-01
1.381104888959425181e-01
1.630150409497486685e-01
1.123289352349116088e-01
1.199076847372783361e-01
4.609241314453043498e-02
1.023320195559539181e-01
6.514836645366836598e-02
1.440462652002002519e-01
5.929849665393798624e-02
1.967654094802020470e-01
1.576795763772037839e-01
1.265702468455316421e-01
1.113187555519656591e-01
1.333203649889783682e-01
1.938244666006321282e-01
1.024713508296550835e-01
8.759531149565720487e-02
1.114643373391168979e-01
1.215176864227106024e-01
1.432330086679979297e-01
1.881715444077339261e-01
1.544506739654128713e-01
6.427851154273837853e-02
9.176876874730854894e-02
1.598783891790656608e-01
9.015446049263978190e-02
1.889748424040091010e-02
6.557041260275482675e-02
9.286727620857898602e-02
1.498880851122687541e-01
1.907364293020017421e-01
1.851905666438012354e-01
1.055193762455164108e-01
2.139708462812189571e-01
6.752955856317047201e-02
2.080258298583072263e-01
1.297867818792053929e-01
9.026291217639738351e-02
7.697862029232466208e-02
1.491518232838843772e-01
1.724858333272369926e-01
1.965604053422179420e-01
2.848585285916543919e-01
8.973696171877751371e-02
2.183491888591894414e-01
5.861317475635651614e-02
5.933024074677831217e-02
5.057922607986002628e-02
1.277743117237591097e-01
1.145490895486345612e-01
1.139307042123221259e-01
1.181148271348554935e-01
1.585874284456893490e-01
1.167660020622768718e-01
1.473259663252831919e-01
1.379222817870790485e-01
1.763708291940245254e-01
1.794007224012689750e-01
5.240301391223541050e-02
1.909361721935244338e-01
1.989838241225953541e-01
8.848378370142809257e-02
1.607227556369767441e-01
1.044361015184524233e-01
2.313015178586459997e-01
9.540533212187249368e-02
1.811304420381740499e-01
1.181701695061205121e-01
2.457340084969495686e-01
1.882070138093391298e-01
2.720516523571114287e-01
1.874771697582456875e-01
7.696136227712188638e-02
1.201834181420319836e-01
1.666946688689844303e-01
3.281039891491015215e-02
1.036613103755928689e-01
1.576500557717552820e-01
2.855587791216759874e-01
1.818227295142491595e-01
1.106206636042107727e-01
1.507125339446681866e-01
2.204981296394308565e-01
2.020387525301376719e-01
7.432549446058268894e-02
1.013798337066173227e-01
1.324405654289918521e-01
8.318918724145968335e-02
1.055928744174899209e-01
9.596982353189553727e-02
2.347103962245262743e-01
2.157350341662593318e-01
1.533722567469305020e-01
1.010750806328978985e-01
1.529672179082156580e-01
1.434948411670427526e-01
3.101056557487056331e-01
1.124723825177473269e-01
1.949224269267657850e-01
2.321014034211545118e-01
7.350638102883831626e-02
1.417092047651801190e-01
1.249689702337852537e-01
8.134091635151058375e-02
2.502513931117436030e-01
1.391121191069405738e-01
1.407852146439270147e-01
1.258124050096398605e-01
1.769214117284290400e-01
2.034338311988654890e-01
2.046863077304009182e-01
9.093519974721500643e-02
1.891147729278488954e-01
1.748900747454154025e-01
1.127105568037531647e-01
1.560835646014326339e-01
1.627285085428216427e-01
1.075988103081657044e-01
1.050481739890589405e-01
1.549504997126141814e-01
3.519926035509663431e-01
1.307078170661053473e-01
6.037471777989297100e-02
1.794149735911344523e-01
9.712428721127835951e-02
8.147206065650386408e-02
1.520628660743482130e-01
9.770295016520431919e-02
1.354721218154925078e-01
1.381104728077796051e-01
1.331381867011381392e-01
1.176195995257717508e-01
9.702638014477754647e-02
1.564596086976487443e-01
2.228921462439695245e-01
2.135304460921071124e-01
2.730557559727143646e-01
7.359009450767850513e-02
2.062102947645829687e-01
1.169074062962360688e-01
1.493858282175691277e-01
2.262791291923620940e-01
9.000064602727568530e-02
1.042434615769612383e-01
1.713642322168090759e-01
1.523498200250295032e-01
1.510717254864970549e-01
2.853468184698997323e-01
6.460986472096640065e-02
7.007629806591583743e-02
3.861487853812845678e-02
9.839941621135561700e-02
3.034430967313813121e-01
1.938625836860770335e-02
1.573951018645010358e-01
1.089486908355923322e-01
1.192038484406071075e-01
1.704770800889269522e-01
2.138121461437460236e-01
9.026440626033230274e-02
1.703550420204346660e-01
9.283584629246938169e-02
1.212396477918488147e-01
1.066450938541863014e-01
2.739415616962279781e-02
7.222606075112518453e-02
9.217738586712136140e-02
1.729085325714797561e-01
1.032576745887983094e-01
4.863843913013636555e-02
1.275492837564859705e-01
6.658823905545113719e-02
2.426672044552428131e-01
9.522191097521168213e-02
6.300850133116553398e-02
2.270901368886060201e-01
3.282289041406008523e-01
1.364834397734946414e-01
1.188196681010500189e-01
1.311319736932859692e-01
2.736205137970115775e-01
1.930078173803286001e-01
7.711669073837594535e-02
2.452175312238495386e-01
7.467615859864623618e-02
3.240991121910943296e-01
1.380009071605715620e-01
1.443739800829044184e-01
1.520922239776542617e-01
2.058965090618338767e-01
1.526373054484674308e-01
1.019427744402912478e-01
5.862745366389178481e-02
2.135562030333544858e-01
1.494007233280301439e-01
3.158120058472273506e-01
8.926412331606618789e-02
7.399690880085833811e-02
7.997032633274701874e-02
1.457265938426043073e-01
6.366508056784175862e-02
5.500438204159486394e-02
2.820544213302889625e-01
8.463201685100446570e-02
1.994366201785098269e-01
6.759108982131249721e-02
2.393214172407409635e-01
7.007820748663314003e-02
1.397960633914309692e-01
1.040914908871295452e-01
4.505574861082617399e-02
1.355747400390545643e-01
1.463110624591562603e-01
1.889114168058410592e-01
1.640952223770347496e-01
1.228052285109808295e-01
1.777434227570998393e-01
3.424772155090907710e-02
2.805985662874250219e-01
1.030548073072071052e-01
1.868692086993533619e-01
1.841594932085982572e-01
1.067238356612608408e-01
1.287147994080386493e-01
1.202739493132961024e-01
2.036232366197124333e-02
1.358782102265327918e-01
1.335622122820624980e-01
1.017295391032537744e-01
7.568869369152317339e-02
9.075514761696934496e-02
1.866462929190147446e-01
1.617392277445558468e-01
1.045329883505277946e-01
2.434277748231078453e-01
9.679367483376230541e-02
2.594639494201338437e-01
1.663772074802062073e-01
1.523212141712433354e-01
1.669401934091868100e-01
4.566751805607215109e-02
1.810021600518855467e-01
2.118468260443213680e-01
7.452543153117621721e-02
1.771819070543527996e-01
1.169778416594969284e-01
7.719998989846901805e-02
9.245721525139555252e-02
9.031804675957558204e-02
1.439199104915295235e-01
9.440675292876790636e-02
5.166445054349974586e-02
9.286248555793824577e-02
8.986763042700163240e-02
1.385002184513273726e-01
2.491396028557581466e-01
1.162257704230953981e-01
2.673759344083264100e-01
1.698705575983752714e-01
8.999036507997040801e-02
1.548164644649649979e-01
1.433382604010867423e-01
1.717823960658745319e-01
1.821059850880554498e-01
1.120668625350603187e-01
1.411108076392043886e-01
3.056156900066503423e-02
5.824901973867016580e-02
7.820556743985455916e-02
9.854152534931838459e-02
1.648489977854387667e-01
1.973941953623163381e-01
9.881289205727614156e-02
9.814272086646363968e-02
7.144223350089023983e-02
1.298378220077519019e-01
1.453549969872224290e-01
1.451274652256719921e-01
1.389514563553756465e-01
3.480378481431527227e-02
1.856910445460193126e-01
7.665918844675578825e-02
6.795118154560601809e-02
9.063781853620186957e-02
2.229606068190289059e-01
1.534477386623976647e-01
1.590281856416561890e-01
1.726243020627069302e-01
8.519736938149431726e-02
1.458576533842671219e-01
7.416741839048936191e-02
1.773263099748515481e-01
1.530717525236035548e-01
1.653271876887204839e-01
1.082369847864689261e-01
9.936026620848367741e-02
1.957247300788254873e-01
1.881829109846717696e-01
1.488979994330007495e-01
1.467326010515702661e-01
8.384037056579653202e-02
2.582987317812230899e-01
2.103280248604819935e-01
1.154136576318798568e-01
1.823745200239378639e-01
1.415088795855001247e-01
1.450017429979866268e-01
1.137029618461278258e-01
1.842889462754854213e-01
1.727905837199099071e-01
1.052368121458455430e-01
1.082692427546889657e-01
1.392461502333624812e-01
1.752231681283617504e-01
8.713359641734261252e-02
2.517271937308059870e-01
2.360718095431310615e-01
8.020758361910379497e-02
7.508269514975540737e-02
1.253986217452633667e-01
2.074783531792274704e-01
1.031208945072744770e-01
1.573240974794274383e-01
1.111173915039205679e-01
4.774800926154127573e-02
1.566045798877678807e-01
8.686166084467024373e-02
3.382854982504871488e-01
1.159809474463661394e-01
3.875413640741868365e-02
1.007706975467942134e-01
1.311454782084228721e-01
1.171255587786605157e-01
8.415039400587338847e-02
2.277757761887337640e-02
1.685474565297543914e-01
8.755834452633147469e-02
2.153597590124727290e-01
2.386417265242632979e-01
1.259056658849369847e-01
1.509273315728309750e-01
7.466811310511117794e-02
8.829510478095503601e-02
2.074352378686751264e-01
2.494530791738929637e-02
1.792266104448944630e-01
1.130700701052732848e-01
1.776610145418459075e-01
4.416680117053543853e-02
9.777010094167923326e-02
1.462189043816198020e-01
2.192151990894495306e-01
1.622139594200000534e-01
1.383328478838858622e-01
1.281796507584243572e-01
2.420847506271375238e-01
1.422953024621421148e-01
1.289974671952094643e-01
9.037462060704942735e-02
1.279227293235464247e-01
1.078597248437520445e-01
6.307114099502746096e-02
1.068997097071323898e-01
1.237362930362529700e-01
1.474771653917543168e-01
8.426315972462943005e-02
9.511271284969868844e-02
1.098246827427179217e-01
1.331105175716288669e-01
2.225895415497729790e-01
1.341511191964729621e-01
1.926613821573920360e-01
1.254029693599102435e-01
1.719817271675244674e-01
1.626773454011850029e-01
1.459953762653046216e-01
1.512687975000400753e-01
2.001327535561379378e-01
2.843619984378353144e-02
1.221696675738284388e-01
1.603713423832497931e-01
1.913486502141765189e-01
1.210711110339273977e-01
1.513502413938075108e-01
9.113224253130976227e-02
1.400275165295375712e-01
9.484408275015682177e-02
8.335788377956782069e-02
1.590765663761012361e-01
1.514556116209447856e-01
3.004393903291259216e-01
1.173164723308361967e-01
1.454810541374373378e-01
1.163609341429242411e-01
7.223594189505996854e-02
9.829406959496249374e-02
1.579519987055299224e-01
1.903517426420672787e-01
1.087901209502175753e-01
8.486203155758502426e-02
1.984511044032506999e-01
7.925330371773744997e-02
1.647965586289806827e-01
1.248373974700077577e-01
1.619052494782080021e-01
1.260161198171222963e-01
1.584000763926240729e-01
6.331055954001946207e-02
6.283072369028028237e-02
1.012715212941910359e-01
8.503536595007427090e-02
1.447767765580222354e-01
1.904842014889704949e-01
6.310930297326322602e-02
1.528877811024250133e-01
1.862831947337729721e-01
1.916567542306189809e-01
8.611046086478132966e-02
1.866294602490813082e-01
3.710653904281150522e-02
1.319739408817466042e-01
1.025715355455565081e-01
7.810389380155580152e-02
1.850842443076214927e-01
1.490858137156195473e-01
2.322088976200277211e-01
3.525292067764652648e-01
1.405622316597022192e-01
1.487849535479087437e-01
1.074424457027287200e-01
3.757927430130417884e-02
5.374087883780417907e-02
1.707558095079803606e-01
7.412525170528236340e-02
7.385028555283185137e-02
5.174638034124957875e-02
9.237015790532376869e-02
1.452724575978811550e-01
1.428768460091426051e-01
1.246309592211158057e-01
8.025462255482401774e-02
3.485823999027459763e-02
1.902106769335238368e-01
2.126950204942071321e-01
2.094267101313633805e-01
1.543532379195373672e-01
2.687604744257778844e-01
1.104867427351916842e-01
1.591682466346276137e-01
1.235444774574031290e-01
1.635710882305701774e-01
2.493434093598387025e-01
1.361155225574419425e-01
1.044470397320095556e-01
1.967986313655416264e-01
6.184507537398709065e-02
4.474964632986590252e-02
1.445703046901948841e-01
1.445002106601901426e-01
1.485609426872235850e-01
2.663824269683610635e-01
1.498158681981056617e-01
2.142350072998492894e-01
1.494288507110547726e-01
3.630827861417446761e-02
1.025742281307330112e-01
8.256340616020618750e-02
6.780277773300355526e-02
1.082919923989738853e-01
8.024330842575339018e-02
1.292782291624234581e-01
1.149858679603552591e-01
2.325033230549551910e-01
1.260682583659549771e-01
6.596791571302394741e-02
2.794199976955484277e-01
1.775855686886032847e-01
1.899960885530162513e-01
1.367980572907995240e-01
1.740041228064746204e-01
1.242512009533590644e-01
7.671441211524976378e-02
1.642791708261781836e-01
2.024533698411710159e-01
1.115690207891362057e-01
1.211752302153162042e-01
1.180407795898612555e-01
1.807475312030188963e-01
5.804207812238346142e-02
1.247659775686263683e-01
1.376450617303813517e-01
8.521339367919839036e-02
1.215682424457107391e-01
1.240095385222884095e-01
1.056407109634752706e-01
2.235764632732093471e-01
3.528209527152137426e-02
3.231827720722927344e-01
7.244448770895656198e-02
1.188677663301386522e-01
2.388455780568118636e-01
1.131646885879219327e-01
7.985177248971186970e-02
2.487494387613727875e-01
2.701677939605914291e-01
1.309431540456704735e-01
2.181110691163662962e-01
1.922266458996847172e-01
4.366838476510061934e-02
2.113355834911253561e-01
1.548855498963977728e-01
1.669280837951691576e-01
1.913435012383062905e-01
1.553923108856781476e-01
9.158120985460574404e-02
1.205962982657669130e-01
1.090682007940457499e-01
1.991151364059211559e-01
6.921295768460196396e-02
2.206824950502623284e-01
1.422895542821211445e-01
1.500409272351772572e-01
5.788003809100566305e-02
9.526253937629713953e-02
1.885428082364193625e-01
4.580352152634178942e-02
1.230769403885099283e-01
8.317864348222614446e-02
2.509881938529856527e-01
1.470621065372695602e-01
2.065002127984368607e-01
1.794443143262124396e-01
1.062991764777233422e-01
1.109058001138999716e-01
1.378452542192714625e-01
1.140587306305442944e-01
3.318450497812841515e-01
3.446217626600649869e-02
1.373113587693043092e-01
2.845130088618328945e-01
1.892795055666673665e-01
1.399004517721113006e-01
2.126784236824645902e-01
1.864512649713711001e-01
1.584708802291683039e-01
5.137525000977510858e-02
1.118562543534248332e-01
7.266249326894350102e-02
1.435938538458911284e-01
2.002670302555395465e-02
2.208233298635413622e-01
1.871180695033696773e-01
8.654681631338588532e-02
1.878987732727502302e-01
2.559927574098168623e-01
1.766779236557474708e-01
9.604703667508811271e-02
6.036574966752305399e-02
9.283999274585104378e-02
1.611353913480509381e-01
1.019450433392957711e-01
1.596814219036124805e-01
1.439494208515413320e-01
9.013740520402856171e-02
1.504148803253058664e-01
8.992746445662394561e-02
1.589652867824015159e-01
1.089491144849124293e-01
2.880932328022263178e-01
4.567965385469487799e-02
1.677680941230764444e-01
7.258160349640691011e-02
1.510743374279027995e-01
1.107009819696481573e-01
7.540538413484296210e-02
1.597996876769210706e-01
1.494830849969470132e-01
1.530672816425853733e-01
1.239639751114139515e-01
1.184564770573059977e-01
1.554425526271957236e-01
5.869606756780845758e-02
8.529368232606397704e-02
1.511012336683365542e-01
1.136096669042466478e-01
1.765101928814448717e-01
2.514797363845380773e-01
8.091232943255234622e-02
1.620828728892372839e-01
1.205868742553092426e-01
1.812810015925080676e-01
2.216118535466508610e-01
1.057706926259429359e-01
7.158871342734487997e-02
1.520193092968388782e-01
1.723977415252130885e-01
1.616140306593545628e-01
2.161193975946403834e-01
1.931898396231981618e-01
1.062076529711259987e-01
6.564755299103813835e-02
1.430090183535935866e-01
9.388934877445520577e-02
8.152812387839851460e-02
1.837293466366037298e-01
1.795295747943126963e-01
1.176599966226158089e-01
7.110445574622732690e-02
1.408238060212119169e-01
8.398778941458326375e-02
8.268099208843232573e-02
9.533917462548191502e-02
1.201357429188937287e-01
1.789000939693371484e-01
1.878580649888277609e-01
1.194372881820640886e-01
1.042990281252675622e-01
1.035696704716605188e-01
2.019635318774289090e-01
7.441467582246388823e-02
1.850693921352660753e-01
1.974090559452230109e-01
4.712200363890266946e-02
1.255442590853937668e-01
1.265928729951035780e-01
1.280771283433425056e-01
2.427182740625715429e-01
1.363456250778692924e-01
4.652656404074499014e-02
1.465088353036529401e-01
1.680779736848009298e-01
6.829730254972306291e-02
7.502466469741717048e-02
1.737957951262386058e-01
9.873709719548245944e-02
1.192513913064083275e-01
1.448367505725047799e-01
2.023743380269505954e-01
2.091717058300637810e-01
6.452817097467962448e-02
2.195377930892926654e-01
3.040870798174168943e-01
5.996978781540404646e-02
7.655838544408222202e-02
7.268935510272175882e-02
2.094641372321540129e-01
2.075114606099851544e-01
6.669664589512770692e-02
1.722084768782272679e-01
1.433513297161844446e-01
1.214703335090429881e-01
1.037566272000290668e-01
2.725513998299697871e-01
1.155785941389710358e-01
2.255765059403738726e-01
4.671287858854198533e-02
6.671598214051015219e-02
7.916210751050484218e-02
1.489141314697035035e-01
9.415847576471500502e-02
2.462220486814200582e-01
2.883445246687280430e-02
1.736668373704014501e-01
1.962280625018562041e-01
1.710883389441906766e-01
1.934923693536843015e-01
1.514783245423432512e-01
1.340164839691843635e-01
5.045264174349894243e-02
2.358452049841985587e-01
1.805387691023012386e-01
1.446487118862170851e-01
2.027575070963101855e-01
1.018531550836452165e-01
1.427679529860051699e-01
1.392376040463405573e-01
5.132773976503781505e-02
1.402224904213313916e-01
2.031222426014084870e-01
2.100257413036549781e-01
1.764756834826316234e-01
7.367230760426513037e-02
9.847937611869947427e-02
2.103509856705594872e-01
2.053846328894761986e-01
1.035196624549303279e-01
9.044686944599170109e-02
9.354136460890116744e-02
2.292459889977349896e-01
1.305098449270549188e-01
2.110880382970785618e-01
2.093237470445172554e-01
1.428991701954189786e-01
8.831239638908482126e-02
5.209772632280344762e-02
1.255350010745700795e-01
2.463952338025674760e-01
1.324484346546609403e-01
4.448713157450758654e-02
1.187464563139494916e-01
2.120643499770688001e-01
1.977207679002701557e-01
1.298433218523375177e-01
7.222237223328221989e-02
1.170260246529625792e-01
8.337897261909509028e-02
1.457651469662841204e-01
9.738279953933248745e-02
1.185188987510607250e-01
1.117650508938089898e-01
2.686491081266149661e-01
1.455906777438033539e-01
5.938600470577048290e-02
4.046302689947455650e-02
2.147914990307900895e-01
1.632300767526181917e-01
2.987404680947765567e-01
2.123193604385944511e-01
3.827124000599039372e-02
6.315810695792020701e-02
1.277201251408845439e-01
8.238209668866791624e-02
7.333440669075685925e-02
1.239901801946247106e-01
1.789350383560624480e-01
1.564313278734801305e-01
3.033344485164017890e-01
6.876896383496788889e-02
1.784959507138546564e-01
1.202070868129705705e-01
1.064123876191159224e-01
1.782158566752974349e-01
1.574775939347775044e-01
1.296012646192894191e-01
7.121138704766939720e-02
1.499318602998922501e-01
8.030676229862190874e-02
2.158607027201967787e-01
5.862950996953635030e-02
1.886599537524923931e-01
2.067137331173072856e-01
1.036688285632908491e-01
1.220281214600724418e-01
4.493151000803835560e-02
8.112711847100151363e-02
6.167684419361979531e-02
1.089410171446526243e-01
2.015023570100283809e-02
3.418106761809527883e-01
1.174903686800746055e-01
1.546511463664957398e-01
1.199224053241001869e-01
2.671196175982103183e-02
5.390846423338145621e-02
9.976036112127399658e-02
8.751419811598022680e-02
2.552971233239822446e-01
1.993178242919681209e-01
5.778781147870853951e-02
1.192063413667198840e-01
1.469164087993086176e-01
1.576771406125667963e-01
6.767018552325822223e-02
1.408401991225459171e-01
1.547991891482333737e-01
1.137272026605983810e-01
1.555639129307682389e-01
1.676146399253925501e-01
8.812499871640366855e-02
6.867940687449544668e-02
1.320166664419359093e-01
1.228144846444197413e-01
1.472568979249934684e-01
8.776145953875168215e-02
1.738509858625591209e-01
2.247950940487410953e-01
1.838691333057285715e-01
6.954122804312534711e-02
4.157404620817726770e-01
4.188008136650653301e-02
1.583430537219772394e-01
1.291670788802061487e-01
1.751802265861128471e-01
1.647401704026539848e-01
2.532496555955232043e-01
4.333166092672956216e-02
4.693532617514162980e-02
1.920781897399825855e-01
2.506932761864487103e-01
2.288175962916312867e-01
8.755943231709426011e-02
3.989923247570589804e-02
5.962737718462088332e-02
1.479531317452168759e-01
1.840832718798615930e-01
4.290770849001811910e-02
1.353113543236893757e-01
8.112653500281216679e-02
1.097172313546932731e-01
8.167351751928003667e-02
1.631078429146386177e-01
4.750123305321175826e-02
1.425562837801539195e-01
1.558534650522538090e-01
1.077379209472050375e-01
1.874954698804965347e-01
3.034176883647335399e-01
1.794341692290512547e-01
9.288331320888640330e-02
2.288014717289715838e-01
1.871253773620212557e-01
1.829488801815183363e-01
1.450348899364401478e-01
9.350024361390607552e-02
2.009862572775629186e-01
1.635498130277483197e-01
1.367710940432687039e-01
4.684259675173137877e-02
4.954594216081371905e-02
1.735254531141551260e-01
8.783461688857732708e-02
1.652427872595477742e-01
2.097277777637915064e-01
1.456206414820832573e-01
1.481137411586917196e-01
1.568784156966545607e-01
1.578896243310458636e-01
9.759233276842882443e-02
1.961915608506037412e-01
2.554932050247155084e-01
2.054160958469837817e-01
1.110886443207601548e-01
1.575851077150866864e-01
6.538251031039897521e-02
8.997378906515823838e-02
9.568377861174076626e-02
5.295330105511514979e-02
1.367155814658116419e-01
1.342207626836902090e-01
9.674916189378487963e-02
1.485196647378364543e-01
1.716404970377941597e-01
1.192638852663401167e-01
1.766211518058340701e-01
8.867896760808952061e-02
1.227434176660662096e-01
7.072316078374317472e-02
7.767451095148758533e-02
1.277004390880945028e-01
8.052085697741660775e-02
1.097448274369600546e-01
2.380025379674714503e-01
2.228635844601516702e-01
3.491488766066968008e-01
1.136741247322239357e-01
7.390148964290037259e-02
1.441690258467309416e-01
1.380381795870803674e-01
9.581739613152680246e-02
1.947766950799708074e-01
1.575547710190441097e-01
1.972381274413777530e-01
1.489065918267924726e-01
2.532076957169706044e-01
9.055640390656349847e-02
1.531535899996321337e-01
1.667493670933673511e-01
9.111981972110290429e-02
1.447350950623165211e-01
4.043618493009759618e-02
8.498897147516790151e-02
1.882358570284803356e-01
2.173712119599059411e-01
1.015445159962277133e-01
1.122969576301911798e-01
1.863202536519705244e-01
3.892199025821729275e-01
1.602715761697298125e-01
1.575004689401617863e-01
1.494182587326143841e-01
1.770564454654813824e-01
2.241960097894752924e-01
1.732079008654077157e-01
1.298002710584222619e-01
1.440445942112448252e-01
7.333056460002748689e-02
1.340283942658450633e-01
7.733187343259165236e-02
3.246427100271557231e-01
1.066539516656510450e-01
9.830039000904909618e-02
8.594967978272251286e-02
2.027044843099574251e-02
1.224365424207999459e-01
1.023701768669052076e-01
6.544505026246491552e-02
1.226358619530636407e-01
8.109975018494071028e-03
1.728053179857323429e-01
7.962229980285916164e-02
1.410242230391308971e-01
7.966993404154584790e-02
1.244793777871551627e-01
1.806253659241966458e-01
1.236389421745149597e-01
7.901624558131639664e-02
8.498220432493054644e-02
1.328768553886285897e-01
1.029553482008166987e-01
1.748159253215826603e-01
8.224806552295327311e-02
7.077214274270816896e-02
2.311392407336558541e-02
2.749456788651714195e-02
1.556288688565275469e-01
9.398615777792337922e-02
7.464442959252867715e-02
6.116210468879620943e-02
6.722562592802483472e-02
5.918245268108150714e-02
1.105226901320243843e-01
7.614834252752300525e-02
9.981454271200056183e-02
4.737993671019707920e-02
1.779193600000346653e-01
6.356665331752141268e-02
1.006646253809646563e-01
7.646824787806565105e-02
7.628547422661237365e-02
3.928382957444598311e-02
1.189663521728467344e-01
1.178328240364454049e-01
4.448905439662591971e-02
6.999460173655697171e-02
4.740754189544771346e-02
7.491397914657835222e-02
6.445032482326257250e-02
1.154233150169192423e-01
4.615326525420145043e-02
3.144920608679730584e-02
5.074745283495815662e-02
8.621950463138894349e-02
1.348458776961979078e-01
1.346404163183091973e-01
1.009556743163368686e-01
5.622623077663943536e-02
9.025395166500177480e-02
7.250865667333851461e-02
1.122590814185469299e-01
1.023417518802294535e-01
8.941436123679705195e-02
1.056470719916452472e-01
7.235709003585995280e-02
8.731804432400880334e-02
4.232175900684165271e-02
3.964833403557063707e-02
1.166167183231717752e-01
1.643798725218179047e-02
9.410214172505831920e-02
4.136520254159160859e-02
4.006888934537063823e-02
1.084999042163916211e-01
1.285933061634185748e-01
7.919192442405015298e-02
4.256809964640717592e-02
4.902619530252809443e-02
5.063819171713825756e-02
9.131292555106160225e-02
8.216343650037255530e-02
6.301324470449205795e-02
8.564918760981293788e-02
1.155427768347777329e-01
7.585125090823831295e-02
9.557213416719544108e-02
7.810389380155580152e-02
1.089491144849124293e-01
9.557213416719544108e-02
