2.309757340193288322e-01
5.974598004131818213e-02
4.967148228246451996e-02
7.567349189918286256e-02
6.096366997549836075e-02
1.358645158992081645e-02
6.754317610688098661e-02
5.030914137384917550e-02
2.636078321714613662e-02
7.520321342396835140e-02
2.037925736284989034e-02
2.296699398654524632e-02
1.676418699963224193e-02
2.050450569533413814e-01
1.539189414022713864e-02
1.609084708456243185e-01
2.210041334715107941e-01
9.107947776525783523e-02
1.856461617530250352e-01
7.645371179113388165e-04
2.232586839743277429e-01
8.402203354961855497e-02
1.754117825829672461e-01
8.819086036675016782e-02
3.147715893515061480e-02
1.149950178850115030e-02
1.999651118015819892e-02
1.093201564668564857e-01
2.704740738878728956e-02
2.095885428160830233e-01
7.536196595435910861e-02
1.862404467482454973e-02
1.186821437230766579e-02
2.168937386337093931e-01
1.591481413987789750e-01
1.285366360084488624e-01
5.367601502522993673e-02
9.805447245442369675e-03
1.047725471196382235e-01
3.824883751924956082e-02
6.511459356772514306e-02
6.540854728932582463e-02
1.174386322040735786e-01
4.228739456167464328e-02
5.673583263073110616e-02
2.539566637264620980e-02
1.107747751529290781e-02
8.703410739700251364e-02
4.143811643227054975e-02
2.811527483346394629e-02
2.000453654116181312e-02
1.161656370906149205e-01
1.183029738053999191e-01
1.107504253017004558e-01
2.011183231457980974e-02
1.476794778976514289e-01
6.809014588730832873e-02
1.599871137377116212e-02
1.838070934628121406e-02
1.769682881094186699e-02
6.039629370695324267e-02
1.387729054306949608e-02
8.992560153874543452e-03
1.062406215833945344e-01
1.052493385660026454e-01
1.152921270791230218e-02
3.275109128696412908e-02
5.362661924198369040e-02
3.080640906201305151e-01
1.042337085997286222e-01
1.833748143011399157e-01
5.744109342672080315e-02
1.067983621213355327e-01
2.343444307742349048e-02
4.880994288380272050e-02
9.114555271278711179e-02
1.784234075090753435e-01
4.180643373750672631e-02
3.950380836138999568e-02
3.365630685805074546e-02
1.147684399296369645e-01
7.364971492796155983e-02
3.210289309175441697e-02
1.084841174481471389e-02
9.039231931674650278e-02
2.645911256547177348e-02
1.038020825329430755e-02
5.570490119500646348e-02
1.538676764334519567e-02
3.409440476368046785e-02
6.652970830100428737e-03
6.845652121600102891e-02
1.367493086375106727e-03
3.145082910000625981e-02
2.508925884039764007e-02
2.652698301786413429e-02
2.072386502217214016e-02
3.479598438580692576e-04
8.595499350824402363e-02
8.837442003017705050e-03
1.713668826399487588e-01
1.748426726782131846e-01
7.315966405840106102e-02
2.065798048722640792e-02
6.119453184198762191e-02
1.778132623053310310e-02
1.023809079151926683e-02
8.848243311669142311e-03
1.482543919121837861e-01
1.661911326574417036e-01
2.004891675396242023e-01
1.216846760563220220e-01
1.524748083083687089e-01
2.010941964558107808e-01
9.643242149498273963e-02
1.386774812650160560e-01
3.623192541810019152e-02
4.711173513957937764e-02
4.351460039742015284e-02
4.100796154561707485e-02
2.835580238464857974e-02
1.018141675670266866e-01
3.544519935048056486e-02
2.481333446667785547e-02
1.214918082735090901e-02
1.765043522728170639e-02
4.199384721116426050e-02
7.743690669729037974e-03
1.757946429870339486e-02
8.677906564156216696e-02
9.733758904496604691e-02
4.573869841930357921e-02
3.995430821036925761e-02
2.129477324103949687e-01
1.734384525587344683e-01
9.547344227666287875e-03
2.882740260316471112e-02
1.341806894032043437e-02
7.159715112920302105e-02
6.117295632732982352e-02
1.480381417740687933e-02
8.942218780476682283e-02
3.917219738973881649e-02
1.407125779220662065e-01
2.142234525445238166e-02
3.390968413112455809e-02
7.469785189201674780e-03
3.513576971746654176e-02
1.961555008685518173e-02
8.054508168126690848e-02
8.037846305140239345e-02
3.881143979103076486e-02
1.595642875938811656e-02
2.016711958512337755e-01
1.796342180923969634e-01
1.607302190417604637e-01
7.667708903892474226e-02
1.465430358465540372e-01
7.641845816551491588e-02
1.374603792529510427e-01
9.683248671758619419e-02
5.966941239224936300e-02
3.368081667273409990e-02
2.951473441025333558e-02
1.347172269585319437e-01
1.146583287919049760e-01
2.032864255947468973e-02
1.168708524922473790e-01
2.370048392182168284e-02
1.006819410581454369e-02
1.644398899435180195e-02
2.651212787604171478e-02
7.586834928431288039e-02
1.915922622356957816e-01
1.493495606429660720e-02
7.153174269095446958e-02
3.778000499336418155e-02
1.022381404480340594e-01
1.203192200982144966e-01
6.697900520988857298e-02
1.741082466871431145e-01
9.232501092148809319e-02
2.055090801414287058e-02
1.856739796975042378e-01
5.738725299172743599e-02
6.339060331582288543e-02
1.181597543268361611e-01
5.291701571237188151e-02
1.543084198309612465e-01
5.916029011318906699e-04
9.461605235874662179e-02
3.910361277923399964e-02
3.037801166150285587e-02
1.620963053924208419e-01
8.602979300310194255e-02
9.577331164639463212e-02
1.080875570591644658e-01
8.108619600869124491e-03
1.080151731191672237e-01
7.546973391446480661e-02
1.280292017849846975e-01
9.384986762814734318e-02
2.055681043604875025e-01
2.977663626193487872e-02
9.912165394233421467e-02
7.296262826801627743e-02
3.517252472924269069e-02
2.878415841074007109e-02
2.042432711846178112e-02
6.324439449528536372e-02
2.916984757714152429e-02
5.014352347536880049e-03
1.568234298668840648e-02
1.671945064331942232e-01
2.749777388892401045e-02
7.334692907434507692e-02
6.204997605765660146e-02
1.086655464462234627e-01
1.070113018703617996e-01
7.723433023825256039e-02
5.312108253193309482e-02
1.110679360158181236e-02
1.000738212153086532e-01
8.546071171171901876e-03
7.753028863962536932e-02
9.942764020611843945e-02
7.311817567847521404e-02
2.581587295701646689e-01
2.749570013481349509e-02
3.389292489566164690e-02
1.317792539880230929e-01
4.206896936475768012e-02
3.834974606807407815e-02
1.411643242840575352e-02
5.283454036661690278e-02
3.504912301160596245e-03
1.814046414595745782e-01
5.316490690021972304e-02
9.777017542816179851e-03
1.363440177768700245e-01
1.614769523033036600e-02
3.169281979771983171e-02
5.052432637296795648e-02
1.154617340094380717e-01
2.971706918497790673e-02
2.525266614512839194e-02
2.214764227490724491e-01
3.106342019318280787e-02
1.231236234196100843e-02
2.284949629592820941e-02
7.366932213977350763e-02
5.275908198983406822e-02
2.729939747946077619e-02
2.967796110781367180e-01
3.454929423872247218e-01
7.307255507414452123e-02
1.945710022415685636e-01
2.161867408348793623e-02
4.448698505441998213e-02
1.838403852002920211e-02
3.121057418006875639e-02
3.156299899449815372e-01
1.332262777154813622e-02
8.828080956227108214e-03
1.902961746272116561e-02
1.004130844961747746e-02
6.816465006020551443e-02
2.057458973236570704e-02
1.974978894363476484e-02
3.048106837304916106e-02
2.642565862013220718e-02
1.345369431627192747e-01
3.063177794210584278e-03
3.069006089713801136e-02
1.364931841985268270e-02
3.731363532029466357e-02
1.299520195928435470e-02
4.157977929104834242e-02
3.238801181555722719e-02
1.198438857953299935e-01
1.540267914047517214e-02
6.221749872205329518e-02
3.022273291615622942e-02
1.151122889428582430e-02
8.564913705309312730e-02
6.064366901752421546e-02
8.404367276811176846e-02
1.377203277002177484e-01
6.026927719164384273e-02
3.900883873826383602e-02
7.968183821599471306e-02
7.843570039387841308e-03
2.160986274313323741e-01
8.655052565041441992e-02
5.623244272703216418e-02
2.438435968250263555e-02
1.350718893792349218e-01
2.009158807889686177e-02
2.027273971068989933e-01
3.277940789790559362e-02
3.439224009594223780e-02
2.324478253700721850e-02
6.683275902053863182e-02
1.194449567593337293e-02
2.606397976277271752e-02
3.942743209257039416e-02
7.144667880562211026e-02
1.146982511297531954e-01
5.093821900760087118e-02
5.803299022918722433e-02
2.119961822853578051e-02
7.978879469645991721e-03
3.353777403044310573e-02
5.283444004040060982e-01
3.111059185061016905e-02
1.176450893740386971e-01
2.368915902576490540e-02
6.384239025779275822e-02
1.457442795972550310e-02
5.097811647981354000e-02
1.027306814320540773e-01
8.551929916241611876e-03
1.165738015587700765e-02
1.405357248209000362e-02
1.822295895110450509e-02
1.361561399859735899e-01
4.515570398079032238e-02
8.713535483542361737e-02
8.709286251038200755e-03
5.405708173480060913e-02
3.154811567091136970e-02
6.775233002402153426e-02
2.030769805697116639e-02
4.193739723339922482e-02
2.191379680897534710e-01
1.853862027510133625e-01
8.623739802524961473e-02
1.536443509111432848e-01
6.833111974051923887e-02
5.511964773957012814e-02
3.987256661961832011e-02
5.176381606656091372e-02
1.566898989558151156e-01
7.256919367477240868e-02
2.371376740303750286e-02
4.623975723203803401e-02
1.430332683162683499e-02
6.982152912670026856e-02
7.104671268100087866e-02
1.708710036399755938e-01
8.274537311491955704e-03
5.347381906679343766e-02
4.720782716068211426e-02
1.247328319063001692e-02
6.711465667611396513e-02
2.290267238771055355e-02
3.555698459997766459e-01
2.585751945449155098e-01
2.697310848544503536e-01
1.129113118596350440e-01
6.921160042274927815e-02
7.457261211633865738e-02
7.242677246990054940e-02
8.193227195907989979e-02
1.550279707061473777e-01
4.315617350954092241e-02
1.020512880605821820e-01
4.323118816798986880e-02
5.427471624665451862e-03
6.742682300243042770e-02
2.676570004374637102e-02
2.032723849200291505e-02
7.017972453749074524e-02
6.589430707116754327e-02
6.120858754518841011e-02
1.059278105356999400e-01
3.799600840323247297e-02
1.681469603179777117e-01
1.363932526733308559e-01
2.823029048941947533e-02
1.128714726479978225e-01
4.677874307673497017e-02
3.909286908070760264e-02
2.471745739700682842e-02
6.850350856998682625e-02
5.770240768646930224e-02
5.135010481303105973e-02
5.864043577988995413e-03
2.224193188655462436e-02
1.462208806747234205e-02
1.056189430147791430e-03
6.038352804331888896e-02
7.230336334082192000e-03
4.296343854263019735e-02
5.823608846442750869e-02
2.557515651390835591e-03
9.697753172926133758e-02
2.341045808082005408e-02
8.706199554770121737e-03
6.630484793127312815e-02
4.768940387037896161e-02
8.405386975286654322e-03
4.519684572131239808e-02
1.618297101607308122e-02
3.876268822230095890e-02
2.197486509124819964e-02
3.803028215468300111e-02
7.346793213911535780e-02
4.943182282355369078e-03
7.826342361698640504e-02
1.428782714603832327e-01
1.487881941438008726e-01
8.378371948090000687e-02
3.756718517298410914e-02
1.535714141845445913e-01
7.636482216410481194e-02
1.854043928945171837e-02
5.353644404517469285e-02
3.409865110159782109e-02
1.869289340065227040e-02
1.204275539786750851e-02
1.790326497822769258e-01
8.102570159782615869e-03
4.078836026186192371e-02
3.016552955422207583e-01
3.026842953839412736e-02
6.585603541784300352e-02
4.784610451954942473e-02
1.661403638426414420e-01
5.080174704595295104e-02
9.152057535747265896e-03
6.506803658873351603e-02
1.477103800816598374e-02
1.389215578009876835e-02
4.499622418936830709e-02
1.776101792154972103e-01
1.383026122399327873e-01
2.472756624007498016e-02
2.519568283282361265e-02
9.239890204093839654e-02
5.849437517946812215e-02
7.670342857561571193e-02
2.218686785735296194e-02
5.891061645492853133e-03
2.842494626295492544e-01
5.515806193790141754e-02
2.018914017839437691e-02
1.070293732021140171e-01
3.157880714787055787e-01
6.926005107388846782e-02
1.322156949673020110e-02
1.309525422785804971e-01
2.933298234556667994e-02
9.843095652159640496e-02
4.122418869901688099e-02
2.646558862944157764e-01
1.127114612171283975e-01
4.962715514857347909e-02
4.413348092329189704e-02
2.146521439406678666e-01
1.742216079487507452e-01
9.583911235103506621e-03
9.780888271859909666e-02
1.288516218060577895e-02
2.700826371248038482e-02
3.957650446861507576e-02
9.378584491741834284e-02
6.008362577531083798e-02
1.636531028524958187e-01
9.397691562870808674e-03
5.067381389184603263e-02
7.110426807062059096e-03
4.918066365900008660e-03
7.168302876714958971e-02
5.238948637989303964e-02
4.893176346989355774e-02
5.062011771394948900e-02
4.537693665680454791e-02
1.015282418089218930e-01
1.606438800141969658e-01
3.108340016757504820e-02
5.853483739404900105e-02
1.186328843127926191e-01
7.763688478842031837e-02
2.879306005803229651e-02
1.032650977907798306e-01
5.577227563660615978e-02
1.189935657545043157e-01
4.212716874586779070e-02
8.066167516085676059e-02
3.923848695246168194e-02
1.125387987685239899e-01
2.435008402230727682e-03
1.539268457055355081e-02
5.726192127252838909e-02
3.265122014672704881e-02
2.281731767016943052e-02
4.127823565875233386e-02
4.158496721366698734e-02
3.455258361209196522e-02
1.861865848340442386e-02
1.287472663574207588e-01
4.836303373630718161e-02
1.276836110129202749e-02
9.204256532526457202e-02
9.956039585683829074e-02
1.441142141248349245e-02
1.668111149907167134e-02
6.504322614944546554e-02
8.262866707776243824e-02
5.239167622475140312e-02
1.332080154211928436e-01
9.663236720795029266e-02
1.381791105588810464e-01
7.014069247850293620e-02
5.656244626086393695e-02
4.426663282049640713e-02
6.851203281795534283e-02
1.226868874950092642e-01
5.441094574555093571e-02
1.019672995663686160e-01
5.905343529704260713e-02
1.604754603765491325e-02
6.061931811814431914e-02
2.571177090211076034e-03
1.109589027583618437e-02
9.015107304609340511e-02
2.132704802196477498e-02
7.507504156359681192e-03
1.342561347042309098e-03
1.206143911949831421e-02
1.915601143527073669e-02
1.664702013655279533e-01
6.878007494703373970e-02
3.418663545349993893e-02
4.295036693317667853e-02
8.277586044430183462e-03
2.522085057349629685e-03
1.077209461644876715e-01
8.280097772122120559e-02
3.044288823033495031e-02
1.494718599529326793e-02
5.539078877980121995e-02
5.252823776294144632e-03
4.065915775406087757e-02
1.028146785907179117e-01
3.312024626253688014e-02
3.307124834125003965e-02
3.010499305143466905e-02
3.542728749863208876e-02
1.735762496546801592e-01
1.029103246528158093e-02
4.308638159153481417e-02
2.958245980666504224e-02
7.290115159740362394e-02
2.779659826487100582e-02
4.561547186293512385e-02
1.093804473186139360e-02
2.388611115434059132e-03
1.817421797955692461e-02
8.975083165657145312e-02
1.849312839217002666e-02
9.944441148895427629e-02
1.201773246417298623e-02
4.876638300246596142e-02
2.153711870809010831e-01
1.192024313511463353e-02
1.174608784916620352e-01
1.779261682327293488e-03
1.431437835413660598e-01
4.558162258771115971e-02
5.167240976514945322e-02
2.820351386297362262e-02
1.764266378097298915e-01
2.686468032160091099e-02
7.323456531060142105e-02
3.119744192629924414e-03
7.808060742656076914e-02
2.348128841788977572e-01
1.826586539718193930e-02
1.972594174041814030e-02
5.705115197446902070e-02
7.482450033763026961e-03
6.032735816105578436e-02
1.120804328467319005e-01
6.202620846121117450e-03
2.112684473933444662e-01
3.578870567778811435e-02
7.295219861250525073e-02
7.674409457917868863e-04
1.273224379387775940e-02
1.418093484401192483e-01
3.670990466340341707e-02
7.760491393278512451e-02
3.741822854019823813e-02
2.511511138972035706e-01
9.937279260950490634e-02
1.531664403200161916e-02
9.010418092410966973e-02
1.476430167977565155e-01
4.272630173051207292e-01
1.502663843072708436e-02
5.238587955883648034e-02
4.615383029282964927e-02
6.808894673179556600e-02
4.623184960476017791e-02
1.124575610489665367e-01
7.298687217150564774e-03
2.193004371768344542e-03
7.495674464783463886e-02
2.449136203327458017e-02
3.608131009954440027e-01
8.345574942730513146e-02
6.800613615319958671e-02
3.296211143911227659e-02
3.490446379534562632e-02
1.594679563912341710e-02
3.594434846136966132e-03
1.578360281242689456e-01
1.510670471776428547e-01
4.781521405734445729e-02
4.341786617522008784e-02
1.036300179622108575e-02
3.242281498401377964e-03
9.788474020922848656e-03
3.086144336201069802e-02
6.878407857362540956e-02
7.771457838674972196e-02
8.226023607762016077e-02
1.267281324039827833e-03
4.620986869959949062e-02
3.264417248308245506e-02
9.518763679983950621e-02
1.481214770536235514e-01
5.969077958652684729e-03
1.504645308510105528e-01
7.334629197196350370e-02
9.118902327157125953e-02
2.050407604507618192e-02
3.434441468446027684e-02
1.844436492426876906e-01
1.954404659964474253e-02
9.048960074591996805e-02
5.378735402758996753e-02
7.309946967926799800e-05
1.701994885636798904e-01
4.261105685089563305e-02
9.720353232073597471e-02
2.821234471174231817e-02
8.694470276017450538e-02
6.982206836412346851e-02
1.521188925014942683e-01
2.638958662520497420e-02
4.109716988881993022e-02
2.781002247191385196e-02
1.782436217840402111e-04
3.866634075464002174e-01
5.498302366717136569e-02
4.688356477049600984e-02
6.164830508469568843e-02
3.456372338044551989e-02
2.171040587139508315e-01
3.193855731332417847e-02
3.414151079416336693e-02
6.475490462443971029e-02
1.139920957330451401e-01
7.242513365144384596e-02
7.711737645274399644e-02
9.049098546024106349e-02
5.679493554159832647e-02
1.585500999788420629e-01
7.565889587594375187e-02
1.072626615213948947e-01
2.606967798398784550e-02
3.458519875594080750e-02
2.869997786508271531e-02
1.214286975748371661e-01
1.165078398010559700e-02
7.928054001024309461e-02
7.572943220248250229e-02
8.371047292005981411e-02
2.920415331854199839e-02
3.448042774524264636e-02
3.551584980605483610e-02
5.212087857109235639e-02
1.511240022095346747e-01
1.090113228987424493e-01
3.195977602087504699e-02
1.630375747904019568e-01
5.337357499375798564e-02
1.015147266947841603e-01
1.046228151283344621e-01
2.323785896411037222e-01
6.096933201213012438e-02
4.936056687857771214e-02
2.484662811931346443e-02
2.122236245546590960e-02
1.055469154549286415e-02
4.227764195024034249e-02
2.276058851841492731e-02
1.061037469423214002e-01
1.505043762751806791e-01
1.968356703062970267e-02
8.212551289848173466e-03
5.843949524895245690e-02
2.826954264176263429e-02
6.933431606208202702e-02
4.584550244081354690e-03
1.930309932765791048e-01
3.746826869971736987e-03
1.329263424156926915e-02
8.391848059862781761e-02
5.084061374634034694e-03
4.653071914824497002e-02
5.168934207812423548e-03
4.128611895282417038e-02
1.438260430538533183e-02
7.189240160711211913e-02
4.676934523910294267e-03
6.808067651401390752e-02
8.282592070250891989e-03
1.972653800034392113e-01
9.501683060326148941e-03
1.340298533186570946e-02
1.179761636421624432e-02
4.140675061988816075e-02
4.191581277968649613e-03
1.609867273854905662e-02
3.160867962474585985e-02
1.139558342497654607e-02
2.745056082285450214e-02
4.228449645101008819e-02
1.220043831959695818e-01
3.148931276819708861e-03
2.474034199679012863e-02
3.680260038807067757e-02
1.337595333712898391e-02
3.221637776637235190e-02
4.164123399836078959e-02
1.766065768894055713e-02
7.417310894664154441e-02
6.945943822052640798e-03
1.387556411142125135e-01
1.943508984754600821e-02
5.313437463421766260e-02
4.242036357375424116e-02
1.970873870436729014e-02
1.499070110708016238e-03
6.778778224311826639e-02
1.188243372839928452e-01
1.128846941077936428e-01
4.158301724217137313e-02
1.099663102847656289e-02
5.810971653723952940e-02
5.761103381006926760e-02
3.425425976393341176e-02
5.345621176032657601e-02
4.174682748290311357e-02
2.062836270217968844e-03
4.312967949976105608e-02
7.699408375475333410e-02
1.315724928544922435e-02
1.646727137655598465e-03
8.671782527687191267e-02
3.097497960400485972e-02
9.101201380036852417e-03
3.783737628653505852e-02
9.550017909787594794e-02
1.803560480249352324e-02
9.897330402024002993e-02
3.544114244330278524e-02
3.681217187760408432e-02
1.838836451545464157e-02
5.937352952950920165e-02
1.939787987923861923e-02
1.220480160262771563e-01
1.660134278231739924e-01
7.096983811260410002e-02
9.991777107981653083e-02
5.030447207753779154e-02
2.786993163587153655e-02
1.261203124133040455e-02
9.798869157293692289e-02
2.391093232763857185e-02
8.624667719328478477e-02
3.851514430549867612e-02
8.020527927636930676e-02
9.763947171404135927e-03
1.082816891908067458e-01
1.144612180581177224e-01
6.156656763167310531e-02
1.107889149627341689e-02
5.917826161249361422e-02
6.405595239934107343e-02
3.341460054249435763e-02
6.978391342125153662e-02
6.851460606167965837e-03
9.356911681192041363e-02
4.817103529535167461e-02
1.691636594860130779e-02
7.757711478011566561e-03
2.432636910907967284e-02
3.515481085242059406e-02
6.745375326781571923e-02
7.372458671648976156e-03
8.863431490318718353e-02
6.831108567434628076e-02
6.605064994121041810e-02
1.380516413132497067e-01
3.626119643250338975e-02
1.722519492951796460e-01
1.336912184049716956e-02
1.973438994019362236e-02
9.332287721073913300e-02
1.740942027842179995e-01
6.188868358213759496e-02
5.263054591426031409e-02
9.768892774988943706e-02
1.306316311001956276e-01
6.538860212955397745e-03
6.079499485035099599e-02
1.068691571556278364e-01
3.133984389832972922e-02
2.187812234142726825e-03
4.669963075429226645e-02
3.607650634515368465e-02
2.192366568697323367e-02
8.835692045236856473e-02
2.981405814457172704e-02
1.694085231837909322e-01
1.851157385573216213e-02
1.171678602644296747e-02
3.287948241683323614e-02
8.360508516769660226e-02
5.625638499489060695e-02
1.259429831586845148e-02
6.426097629031071734e-02
7.523469483405192948e-02
1.457894483215800042e-02
5.930018135170531113e-02
1.559203162315715534e-02
2.717255976972839018e-03
1.188214833930218740e-02
3.256484704146659498e-02
1.927217091220482376e-02
3.258735318238838857e-02
3.144356160105420822e-02
1.698701970521992663e-02
2.630966705124738667e-02
9.809947064591139146e-03
3.549407728484670760e-02
5.931779133345212174e-02
3.058576831228692824e-02
2.947440735611181820e-02
1.318030302968797307e-01
7.143281219441538488e-02
6.072074190560113917e-03
1.001298000835505186e-01
1.927934619455909729e-02
2.212212683027719312e-02
2.380312654039001830e-02
3.585533014530134510e-02
4.364936656089024591e-02
7.779383347467989235e-03
2.676655398899820126e-02
3.057612151306875886e-02
3.921195295784712931e-02
4.818465865618606209e-02
9.751215225874255987e-02
1.381118229787499721e-02
1.715423318436354316e-02
8.961568475050823990e-02
1.906032847579722939e-02
6.713562133337874771e-02
4.767651902027262439e-02
4.240414496243778003e-02
2.598101608712013663e-02
5.510307486316521480e-02
2.039204849965231200e-02
2.698692303722555197e-02
2.638102965511798445e-02
1.199522906102505893e-01
6.831003145815434108e-02
5.878662794557193427e-02
4.314824957173398791e-03
6.213660410011274948e-02
2.931492564184683819e-02
2.170571946730642451e-02
2.997975409307280029e-02
4.440578155275427125e-02
5.686451871960644666e-02
3.928019067895894417e-02
1.564407957777908670e-02
4.946630349672770377e-02
7.977854017470193196e-03
2.797708974267939033e-02
4.395156350809806441e-03
8.920385988337452970e-03
3.773963217902850248e-02
7.353842706299341253e-03
1.386427999729087160e-02
5.008970668275655735e-02
7.172238761765245552e-02
1.664682374426102590e-02
5.046861793669087104e-02
1.352703261036408353e-02
2.260973897454591347e-02
2.046207583511634731e-02
7.523600726354615076e-02
5.132222972531105126e-02
1.360185917135130554e-02
3.031311087949569577e-02
2.329059520622030199e-02
3.184756361989950907e-02
5.794327681355203319e-02
7.891533272371454438e-03
1.091441049385204545e-02
4.157196018953310951e-02
4.282912313039156232e-02
2.583352264605360757e-03
2.740975939304092848e-02
9.463871403143593597e-02
2.972928283844373468e-03
2.536216620602036939e-02
3.605175976566780266e-02
5.201865555690132759e-02
2.577976420841984750e-02
1.673313215798779771e-02
2.153355953932127934e-02
5.080864342352473667e-02
1.894790625488154689e-02
1.183557341373499099e-02
3.300544526707402393e-02
1.888841898810822775e-02
1.501001118396679858e-02
4.747586595985816074e-03
2.033822027276888447e-02
1.055988371054742726e-02
1.586114347484956014e-02
7.053513425047487628e-03
1.742728513405024035e-02
9.672788653694933125e-03
2.899480173940993839e-03
1.023887347564427300e-02
2.514709052897182856e-02
1.435100871454044911e-03
1.023132228979508826e-02
4.081099341611363340e-02
4.088126753780274569e-02
2.065861395949111431e-02
1.844243534891720770e-02
1.751891912348626373e-02
2.885571627524716534e-02
5.600109554403363832e-02
1.110913552357788159e-02
1.412601321185659627e-02
2.593309615519807237e-02
1.673779294591903194e-03
1.104453716245570177e-02
7.913387120356042692e-02
6.082146871921195047e-02
1.758546766845515280e-02
1.244458315041262891e-02
1.074590374147879439e-02
3.564341132795175587e-02
3.549264624008011820e-02
5.901857204355064924e-03
6.079216567679945893e-02
2.081305368139499748e-02
2.480228537084035872e-02
1.461203607476269789e-02
1.246800352891833108e-02
1.073927535539283447e-02
1.632713413510794576e-02
2.683114231062929539e-02
4.991245806731839374e-03
4.328081059954554111e-02
1.697142043330524723e-03
6.794632739077446915e-02
1.917865861160346005e-02
1.052138371626297302e-02
3.275061078247994834e-02
1.890027268763830662e-02
3.210309677363932385e-02
3.847979149276338495e-02
1.893738896176333855e-02
4.578477971393987885e-03
7.832891189495815032e-02
2.668757042371048063e-02
1.192794892479746849e-02
3.695340353094139080e-03
4.840822759266074325e-03
4.128891947422580477e-02
5.827890947080421533e-03
1.282446150687681016e-02
1.917450981085948997e-02
8.403876291437097773e-03
6.436262222314431507e-03
1.376784629341841048e-03
4.003262111649044663e-03
2.826954264176263429e-02
9.101201380036852417e-03
