3.436455054239895279e-01
5.948543649804940436e-01
4.242742894459407554e-01
1.030775208050361269e-01
2.320432654736359901e-01
5.536082426425144032e-01
2.287141777462210479e-01
4.271438409648414813e-01
2.895206929537172957e-01
3.778238560201685470e-01
3.953277994715156396e-01
2.859332401748602148e-01
2.729825170570782666e-01
2.711313373029921592e-01
2.085536423837050790e-01
2.220677855290572045e-01
4.368508596118699239e-01
4.963753241591901122e-01
2.179213908615709738e-01
4.469144837658093339e-01
2.320438461139055775e-01
2.273706268430744637e-01
4.872919204094902090e-01
2.247527368009171744e-01
3.057998019339400742e-01
3.328502348813107137e-01
5.521665310261945070e-01
4.394776961932343462e-01
1.012452245901576814e-01
3.708666024554777563e-01
4.129560511699312819e-01
2.733898224409340161e-01
2.817968111754299843e-01
4.709822726119622383e-01
3.891428746006112549e-01
5.595454126067539447e-01
4.814207411361505207e-01
3.182575684982514863e-01
6.150727799372290860e-01
2.399200679938516823e-01
1.898389112446373095e-01
2.796894221094849975e-01
4.307206846427463209e-01
3.910899028773811015e-01
2.798138514633183305e-01
4.154702071106395334e-01
3.874057551071118377e-01
1.917282512021135088e-01
3.037417756903621480e-01
3.059207921042297329e-01
1.999831513379549397e-01
2.493264858462168332e-01
2.794893709608754495e-01
3.965919435996680953e-01
2.257251520654633969e-01
3.017741302866661091e-01
3.872598279665024901e-01
2.124724271911679063e-01
1.558257510438747773e-01
2.816289679683905423e-01
2.188995013990170102e-01
1.000885201911100864e-01
3.100380349286955273e-01
4.955904167228418755e-01
2.056277909000439885e-01
2.345722019190324970e-01
3.550687790210729222e-01
2.556877826739678561e-01
3.001365709223589029e-01
9.045793356281524034e-01
5.113702277159287712e-01
2.144894989831601095e-01
2.353997713737082942e-01
3.499056199724636107e-01
3.155996988366019940e-01
3.546582871908532386e-01
4.532582142451188068e-01
3.160336878103879865e-01
2.884656614495068605e-01
3.758081278354011845e-01
2.642134556839206838e-01
2.408359164192326596e-01
5.239253877674615589e-01
2.365801473029720270e-01
1.927395762816135338e-01
3.000099240247092180e-01
2.802801098665516633e-01
2.719574374072029621e-01
2.787112032610640222e-01
2.479170766620444055e-01
2.472107835635317385e-01
3.350015502819393975e-01
5.475507451522236835e-01
2.521460317415583630e-01
2.064822044102462006e-01
3.024433904692542807e-01
2.099443463112406760e-01
4.937198450899334956e-01
4.210718168748507351e-01
2.710335724854922024e-01
2.056916691124734409e-01
4.775149902671902979e-01
2.726210032275971917e-01
5.134468463476454803e-01
2.294528195932054038e-01
1.504178733134099166e-01
3.953592682580835405e-01
1.942633145774581016e-01
5.208495088848842380e-01
4.111944864520548637e-01
3.008918148145603988e-01
2.540255310590777693e-01
3.532133752219917544e-01
1.524362940600382244e-01
2.588960284580510418e-01
2.575111107769813001e-01
3.980121396219776786e-01
2.876163556832718737e-01
2.505937918074114257e-01
3.432718788828984513e-01
5.744879753538297829e-01
1.808008163515276712e-01
2.108790399210033750e-01
2.252196753553986353e-01
2.477504684459453932e-01
1.986390497678699463e-01
2.085969663564214427e-01
4.303296669530159990e-01
4.143758147368039602e-01
4.006285484963825194e-01
2.410173091907436560e-01
3.055010666812307263e-01
3.298953048373070573e-01
3.649303533749729267e-01
3.088725406824525677e-01
3.795456055392751882e-01
4.952172079435257501e-01
4.538796459725640831e-01
2.582747707055421671e-01
3.148537479499816660e-01
1.978261294036323392e-01
4.407717267581702236e-01
1.016135114553761987e-01
4.536432763133826929e-01
3.225634020718970985e-01
3.176836712859971712e-01
6.320940974326477724e-01
5.058409087661412951e-01
2.798897714925537294e-01
2.390615048151072952e-01
2.377828366198299626e-01
1.448841828061158132e-01
3.417149015696165915e-01
2.620473563528066263e-01
2.674538025306799072e-01
3.093341029950055221e-01
2.804987103687358041e-01
4.686972330195661729e-01
2.127522175920524838e-01
4.976344360723975457e-01
2.819691100635854930e-01
3.359470843037590804e-01
2.976647997809778179e-01
2.407279722790689469e-01
2.685147444611365453e-01
2.886018980600128514e-01
4.022286796418241828e-01
3.466399685656993412e-01
5.110000471089999330e-01
4.979287294763823368e-01
3.738237778528413768e-01
1.810993537923747954e-01
3.008888411052438872e-01
2.483688220312085526e-01
1.077921538011271108e-01
3.658394180653088412e-01
3.748600862199439332e-01
1.550895870125694465e-01
3.480119627731265153e-01
2.425207164932783876e-01
4.230737652134988203e-01
1.788058278241045629e-01
2.322275527612799595e-01
2.808711797526625142e-01
2.193588860988651412e-01
3.695616292236917344e-01
2.443238517785827069e-01
2.864332598424717546e-01
4.429039215580554689e-01
3.645620743509551120e-01
5.094599543994874358e-01
2.651701901073626466e-01
4.438181456682070980e-01
2.841484814033700124e-01
2.485307254956112821e-01
4.177204990636680937e-01
5.562870233147256815e-01
2.016308664470638223e-01
1.058168355035009334e-01
3.708965611639709614e-01
4.167786642352026005e-01
1.550015907888113720e-01
2.633797173125372870e-01
1.546632143068952248e-01
4.381452957807675519e-01
1.549143228467568523e-01
5.769193765894844450e-01
4.406041482031146095e-01
1.623069690610856597e-01
3.747974113528133588e-01
1.762445496060872363e-01
2.583947730350105720e-01
2.922603259103214168e-01
4.275403479437170917e-01
3.683484280436037372e-01
7.615793149968435038e-01
2.843293284286554368e-01
4.611980348894779702e-01
2.577157337190741915e-01
2.770876307528490345e-01
2.683378712393826859e-01
3.119124291401944027e-01
5.959275895266009648e-01
3.692029033261272630e-01
2.878442535786644996e-01
2.261194249523204858e-01
1.868594271436711807e-01
4.539570191984993452e-01
1.693055980063072619e-01
4.752371341859101816e-01
2.127509864719777655e-01
3.237757715435181649e-01
4.340254687198311645e-01
3.985616125859260395e-01
1.805438256319914225e-01
4.486835711979076380e-01
1.827242551686433791e-01
2.862461209542214169e-01
3.673186116934986645e-01
5.571463200377776426e-01
3.934776336367224459e-01
2.516355871409996503e-01
2.555041165669832415e-01
2.753593608231212908e-01
3.328322522306167985e-01
3.189243744439954065e-01
3.048605298256011342e-01
3.476771006316899948e-01
6.029950902643945732e-01
2.022902768170775634e-01
3.738305136590825972e-01
3.179925429576591078e-01
2.946381202430267132e-01
4.171077523765135409e-01
2.408795197890936657e-01
3.694759323655879557e-01
2.543918915490699373e-01
3.835175322304933410e-01
4.092247345278811621e-01
1.894197705862890047e-01
2.592835469710728091e-01
2.847760033181395700e-01
3.831364503806717337e-01
2.560960468661215295e-01
1.940742662807670160e-01
2.592907878082006956e-01
3.191082404714177811e-01
3.519850771724180039e-01
3.762432653333169785e-01
1.065887542398736981e-01
2.087365469702162912e-01
5.433666140896540320e-01
2.961869810285007731e-01
1.828572081484812484e-01
2.965649402788693156e-01
3.445531888922830355e-01
2.150277697292587442e-01
3.050829239290270278e-01
2.535229543587481649e-01
3.695169953762336146e-01
2.443328044303003654e-01
2.718418096562832398e-01
1.323300882122477873e-01
1.760459048530583770e-01
3.548954144865335003e-01
2.816152401517806325e-01
3.071600408415772199e-01
3.815556504421357964e-01
2.764521431362917947e-01
1.680242211825806187e-01
3.099782145314420312e-01
2.353853286426127456e-01
2.504956837701031724e-01
1.863072577839242072e-01
3.955750894402341178e-01
2.734629445569833339e-01
3.696756690570814352e-01
2.115175580883311979e-01
1.690405072927486374e-01
1.958850977849098673e-01
1.669407112287465689e-01
1.399538411210529132e-01
4.320455789875238262e-01
2.731807247751376622e-01
2.951106883826422056e-01
3.211416319495381533e-01
4.456422014995082836e-01
9.714586958176987808e-02
2.324721364926321809e-01
4.857792936868761680e-01
1.910679107577983316e-01
1.959462146121729587e-01
2.235918339921202647e-01
2.260838147822675503e-01
3.710209807293638473e-01
3.328787513115194496e-01
3.794930188636769230e-01
2.368956552120105585e-01
3.190664124760910769e-01
1.257701409317475150e-01
5.507959614217718958e-01
2.715182700505576752e-01
4.329693468745135498e-01
1.900776357792104687e-01
3.289701409403312238e-01
4.226588668234913526e-01
2.549162312711253930e-01
3.458295792232875532e-01
1.201220824865688458e-01
4.817829076862439885e-01
1.932436426281222142e-01
3.452468438050992350e-01
2.419095047152566569e-01
2.084666301741997518e-01
2.020403021435265567e-01
3.492047566894592170e-01
5.243362876280297513e-01
2.425441673171870316e-01
2.127535063381700842e-01
2.114309611063085459e-01
3.036309708848767830e-01
4.229093523951521494e-01
8.599457295363384379e-02
4.553979044864082115e-01
2.548232300483496138e-01
5.065857893154573910e-01
1.616741154356522436e-01
1.335722404787236528e-01
4.980731872943901517e-01
2.646340233392082131e-01
2.257215867028243284e-01
1.945631230143902435e-01
7.891280987494767030e-02
2.181983509290308931e-01
1.831114416970506253e-01
3.363307388467637327e-01
2.214618523082859392e-01
2.746867071713878783e-01
1.842045437929049900e-01
2.288663874325649050e-01
2.726616678349593759e-01
2.105431446274527996e-01
1.422197962619993206e-01
2.714883739773575888e-01
2.905951232175479348e-01
2.911742871998507787e-01
2.683325629854576011e-01
4.392066794529472240e-01
3.952266428942028398e-01
2.335889445768510042e-01
2.775724578546762689e-01
1.430828455800460253e-01
6.644762316109327216e-01
4.218651468161331297e-01
1.957342173323723122e-01
4.919758469647461108e-01
1.222049925122281472e-01
2.480849272252389770e-01
4.484802260210991598e-01
2.677082840352102977e-01
3.101412201035878557e-01
2.512074146054125157e-01
2.334867652669518345e-01
3.471196831697800356e-01
3.358956321302666859e-01
2.763754858865175024e-01
2.651740370990637308e-01
1.727695512887657547e-01
2.639876588103460819e-01
2.799335687895306846e-01
3.650600710696803586e-01
2.587250512738315522e-01
3.570483677366096953e-01
2.862576170115580521e-01
2.658048823132465599e-01
4.059835212619632427e-01
2.935173643885033434e-01
2.708847277966261458e-01
2.414098773885965388e-01
2.445793405281252442e-01
1.862724582144515972e-01
2.422412279160374160e-01
2.830450930510214902e-01
2.094035593562723063e-01
2.095822670404402233e-01
4.506740895548500547e-01
2.278753897364056979e-01
2.667567414009772153e-01
2.393480710714624982e-01
4.101428428284774053e-01
2.060356041112341996e-01
3.481447187651266484e-01
3.939540488443134536e-01
2.556238580600214139e-01
2.514800238451143644e-01
2.603344415036328852e-01
2.368973782521005544e-01
3.970027579571079324e-01
4.549203661261219112e-01
2.274479117770598358e-01
2.918255615297259964e-01
3.101688469270497683e-01
1.642068195533802899e-01
3.675732399567342434e-01
4.416838518647582812e-01
2.364617350322428813e-01
3.013474127663867130e-01
2.946290075851847323e-01
8.773161618915886750e-02
2.803196028253883143e-01
3.505558367105026663e-01
3.011890803201402456e-01
1.924744080698068682e-01
2.659533850139225164e-01
2.421473390903724765e-01
4.792970413123183726e-01
1.510877424057890661e-01
1.464601189159941697e-01
3.403776448930796450e-01
3.139785686617621030e-01
3.516159745862248442e-01
3.342384471812887003e-01
3.582220406176602756e-01
2.553627860373016700e-01
2.216782912891477886e-01
2.129529895212258772e-01
3.370400271038901385e-01
1.923511363248793238e-01
2.449694845194404502e-01
4.999781392959504189e-01
3.459556353374029225e-01
3.837127399699510333e-01
1.654537689888795904e-01
1.871179048947921864e-01
1.647448921460523408e-01
4.826321392767544127e-01
2.719186864821580008e-01
2.979509386610915134e-01
3.709212791461122816e-01
1.527486245276967747e-01
1.773647626697389956e-01
1.360639890819982378e-01
1.940935733587637324e-01
2.245625022472953203e-01
3.336430524863615577e-01
1.893139957494907044e-01
2.075536502233304437e-01
3.237247758759976279e-01
3.760066842414552246e-01
3.494685210820790977e-01
2.784251206475509832e-01
4.270518918070135839e-01
1.223492754934731863e-01
1.605142467562403197e-01
1.982172816748768718e-01
2.095887665548727408e-01
2.557304352958328364e-01
2.934818986121275897e-01
3.557898388840514681e-01
4.272807720125100794e-01
2.804044052573164691e-01
3.339365212666332017e-01
2.614829763373229810e-01
3.671322979989450341e-01
3.535935282880245945e-01
3.205371529369348549e-01
3.520809294883167073e-01
1.405450889525694247e-01
2.438437519625297756e-01
3.212965424048377372e-01
3.042893595228123860e-01
1.739251064949980941e-01
2.506793002473834964e-01
2.436205486011797927e-01
3.832768762931554329e-01
2.700925534444634790e-01
2.302577065331899153e-01
3.912881861169079656e-01
4.325547124511216479e-01
4.683161289094454061e-01
1.416417155194076016e-01
2.793078800240250681e-01
2.136760127431851508e-01
2.578071408716839374e-01
2.542141601991474431e-01
1.996723286069354009e-01
3.145351547794934532e-01
3.294467446438258396e-01
4.689522421075627556e-01
2.465296128777724749e-01
2.021198817259442504e-01
2.543435047043701158e-01
2.448531973606213885e-01
2.804430148358550978e-01
4.644887630224494579e-01
3.107340388518731178e-01
2.491507419712731264e-01
2.723116041505957985e-01
1.951601881035597286e-01
2.368002039160974070e-01
1.942926416397155187e-01
2.475702316374980005e-01
2.517316528227248051e-01
3.215612061971931945e-01
2.382955345678856862e-01
2.047761594019650577e-01
1.131474074129656948e-01
2.425249441903007397e-01
3.045700223071944324e-01
2.289575577455440214e-01
3.729363892040057915e-01
2.296513511662483520e-01
2.501777656818247597e-01
1.632961152022111562e-01
3.000141174324332249e-01
1.910604187279577593e-01
2.119990208242166496e-01
1.712471851350442498e-01
2.434707837509882955e-01
1.850286388644986624e-01
2.305029517353777146e-01
2.402571282607018355e-01
1.715367298805290375e-01
3.065553391288696750e-01
3.727272251305753237e-01
3.458947128675531335e-01
2.695622497069867229e-01
4.083119389369340713e-01
3.474469350148125524e-01
1.804777293820092887e-01
3.222093612417038511e-01
2.322073671338053535e-01
3.206132251859159510e-01
3.071498728098744357e-01
4.194344247937971115e-01
1.698157615328449721e-01
2.109509428216739257e-01
3.273069790378753119e-01
2.364763063134419363e-01
3.502905254976369509e-01
2.869497382668339536e-01
2.501121724319586015e-01
1.288701063456696438e-01
1.432658077184364165e-01
1.842927086497319900e-01
2.223126223652835964e-01
2.614317511486082268e-01
2.027725851192847817e-01
2.516675502813484622e-01
2.509971691152378948e-01
2.828247652296280168e-01
3.183891097004772908e-01
2.427520787098780830e-01
2.387308155183088532e-01
2.120177152279742738e-01
1.754378467943473185e-01
2.238289620318135165e-01
5.802621858891391371e-01
3.120276763737906411e-01
2.152404728258502931e-01
9.081924815063763257e-02
1.841767779435589114e-01
4.237641772636855375e-01
1.811330032832498271e-01
1.830696671205684911e-01
1.905588003391540108e-01
2.705291221950750780e-01
3.299222090576892086e-01
1.917902705744661818e-01
7.957755207617607518e-02
3.526609333347883179e-01
4.079025795598610893e-01
1.951815038952313397e-01
1.953575144263973717e-01
3.852855070770758172e-01
1.778210408131533082e-01
3.662666248264686564e-01
3.472031265942459033e-01
1.475775673803799426e-01
3.804119700444763552e-01
2.957336564756368746e-01
1.525129846778584541e-01
1.645237076334520321e-01
1.672488292795932252e-01
2.253582856020705516e-01
2.155924979877853198e-01
4.227250058032379076e-01
1.461635530003974615e-01
1.907272721919975045e-01
1.083383821380666662e-01
1.721633313525672559e-01
4.201528923736447263e-01
3.229946495921406369e-01
2.348362880792838892e-01
3.209312774593821027e-01
2.591914919180813293e-01
2.124595808492191762e-01
1.446297144117085209e-01
2.090670513433231792e-01
1.124932778589783910e-01
4.069933840589473606e-01
1.517092513340380644e-01
1.977709777951995040e-01
1.363631611370925700e-01
3.332270177970169112e-01
2.417573042814677720e-01
2.410429328361489987e-01
2.062084759463177486e-01
1.914168698079609099e-01
3.631203338163621064e-01
2.362411244570569724e-01
3.425051835758322061e-01
3.132769572862875718e-01
3.320292849825917658e-01
2.675704218436446569e-01
2.002564523322613588e-01
2.240031473332866341e-01
2.357996845855330759e-01
3.131644039999512130e-01
2.753414894636361243e-01
3.484358104834990311e-01
3.670196085413184317e-01
2.506654701685309128e-01
1.992502137632684023e-01
2.654019119907886637e-01
3.079741112089859345e-01
2.967297073969270005e-01
2.174671046067386537e-01
2.812189075187844223e-01
2.383045441295737199e-01
1.522316647359640562e-01
3.095858306048576702e-01
2.563379846217815894e-01
1.537297293286097877e-01
3.502626533999547154e-01
3.258335271106114206e-01
2.356594020114667065e-01
2.457925119562215377e-01
2.499614819606480742e-01
2.651559147880122036e-01
2.376116062234839010e-01
1.447171045024807923e-01
1.262947377458713549e-01
1.854007796710786526e-01
1.503616785178811532e-01
3.841060535860268965e-01
1.878870359616328090e-01
1.813413475192942603e-01
2.656012118070341099e-01
2.364665139690199092e-01
8.440533334800920384e-02
2.340793051167020244e-01
1.939615700360816097e-01
1.383361294975979094e-01
3.111077084599848108e-01
2.320909046959165334e-01
2.728035857787380336e-01
2.820159355920597299e-01
4.839981678514594376e-01
1.675299532301777750e-01
1.655031943031791963e-01
3.818122279482839554e-01
1.290856110026760428e-01
1.182997747412744133e-01
1.778677524029118606e-01
1.594965811437520087e-01
2.300331013563631233e-01
2.067763909483623375e-01
2.002337204287585881e-01
1.497885166454549222e-01
2.708981189737727502e-01
2.971226523132836084e-01
2.157798866849949537e-01
2.571156479970818642e-01
3.551511430156070181e-01
2.204526152112464554e-01
2.071208077685096627e-01
1.980652199485060383e-01
2.877819513666869944e-01
3.767316753297141330e-01
2.073646926166732851e-01
1.721086940838685297e-01
1.797271123597517228e-01
2.357438201406872325e-01
1.929547160564177855e-01
2.962383254244391195e-01
2.569093525554217994e-01
1.920592229344773305e-01
1.848192574965243362e-01
5.010048383154586116e-01
1.768998521313568106e-01
4.044547521591279060e-01
3.140938488300403786e-01
2.218783750036472102e-01
3.870910609204600838e-01
2.902778661204596933e-01
4.016953967794689717e-01
2.292113693062727275e-01
1.459170924443448092e-01
3.851437308850234609e-01
3.159732617567787560e-01
1.504737315249314034e-01
2.916858444340467704e-01
2.131948470969332599e-01
1.872090234390055008e-01
4.059442756920658146e-01
1.317502305759366554e-01
3.451265623280467265e-01
1.880894990890649432e-01
1.895638497910737685e-01
2.792256082045001531e-01
3.075360553514808193e-01
7.253913367264565315e-02
2.346366921694148511e-01
1.871539058905773156e-01
2.922433401359362248e-01
3.938399937647956150e-01
2.814937126544155843e-01
2.402792998743349950e-01
2.370349659190693903e-01
2.194844416898129591e-01
1.905570993487937237e-01
1.422844580929521208e-01
1.844854926472744849e-01
1.876094381553298496e-01
4.242256891032110122e-01
3.566680497095454233e-02
1.496735522729112089e-01
1.097215961841626897e-01
2.420895084266745934e-01
2.062449457688286525e-01
2.837188455803631992e-01
3.859950847782004368e-01
2.815730269288301835e-01
2.753024551447414980e-01
1.881315571710341916e-01
1.721731590052677785e-01
2.169555535044016548e-01
2.225916754812958254e-01
1.304493091627273171e-01
2.414611320522764282e-01
2.823892281795473136e-01
2.588542609181509468e-01
2.268717497669488492e-01
2.542210915351104106e-01
3.818928596707769074e-01
1.542179636541525511e-01
1.890789166969990553e-01
1.368426535606980521e-01
2.663437693403372108e-01
2.229992858703368497e-01
2.574765960037340151e-01
8.651829623057477603e-02
1.854384902864983919e-01
4.461847834340867958e-01
1.381919849505583442e-01
2.164442524296608106e-01
1.750284040756377446e-01
1.532907858439573889e-01
1.625482943467853603e-01
2.066860677105957222e-01
1.949187956266458244e-01
2.654072007880223794e-01
1.799502136226172333e-01
9.600665711280867431e-02
3.191188418123742099e-01
3.032979435733918483e-01
3.385112053122629749e-01
2.468148027138748479e-01
2.224772646150216249e-01
2.917323403266329218e-01
1.756498948396837401e-01
2.875332403532162573e-01
2.639867251290399786e-01
3.029725133448633589e-01
1.638501930773654247e-01
2.703488618942275767e-01
2.462616043355987383e-01
1.576323268094984020e-01
5.971473544691650870e-02
1.666575242183038486e-01
1.503452055061436088e-01
3.028506896737537257e-01
1.118588232395855142e-01
1.722634381123264169e-01
3.175942665315052427e-01
1.643230360460079531e-01
1.247595161713400680e-01
2.954981957547557214e-01
2.972822531286140046e-01
2.816176667718935933e-01
8.431138815429005395e-02
2.168431664066499676e-01
2.423539689667574271e-01
1.819876204494196292e-01
2.316940429665098056e-01
1.460472066972968164e-01
1.657648589954933416e-01
2.065679420538629185e-01
2.877015499621092265e-01
2.932939262078229081e-01
1.568177218029286057e-01
1.381666555194846491e-01
4.913860847850549662e-01
2.703188331150551127e-01
2.808404616670718279e-01
1.764616262377819988e-01
2.650543195315481770e-01
1.689950413520287520e-01
3.846073943354408886e-01
2.782025641451904563e-01
1.740772715209995825e-01
2.145264772107227380e-01
2.713338125906565867e-01
1.482405615458958215e-01
2.889923328164456517e-01
2.472291672943664476e-01
4.410297122321005237e-01
2.077215986880665000e-01
1.819659166568091124e-01
1.815613009911241638e-01
1.577486332240038425e-01
1.381096360693532255e-01
3.213109973946884357e-01
3.286024788819494891e-01
1.800589128187300436e-01
2.622893392275760238e-01
2.586082064059685992e-01
1.854658337531746581e-01
1.710675344088360694e-01
3.062777216612461717e-01
1.842344623230655065e-01
1.611181270977078139e-01
3.075282752928045205e-01
2.171921262319746471e-01
1.982436003575842043e-01
1.488774808103861258e-01
2.782384566582275509e-01
2.319792271297230202e-01
1.502896127721710662e-01
1.493959968314626519e-01
2.804448944250790277e-01
1.590581446548560152e-01
1.755205537524348602e-01
2.139202863410459565e-01
2.914589612896983928e-01
2.355505406665467372e-01
1.445071216218712651e-01
3.419453542489822584e-01
2.351527797340204062e-01
3.446638993847215837e-01
2.564729709624304910e-01
1.083024540327009455e-01
1.615097745673301777e-01
3.529589598386670968e-01
1.922880523472864644e-01
2.732915718344448019e-01
2.691762460525359835e-01
2.788568776479318223e-01
2.873322512895065683e-01
2.144316359839467390e-01
2.035893865121898016e-01
1.388477158451503213e-01
1.928980517605822231e-01
1.922221897790396261e-01
3.969934255962627168e-01
1.909633949342210146e-01
2.696039349488866255e-01
2.804326818994957726e-01
2.228412838517710159e-01
1.405362778221855291e-01
1.751139958209242398e-01
2.082241637055456951e-01
2.681302234847261490e-01
2.193875403524988832e-01
2.251709549058532323e-01
1.017106252115146381e-01
1.722324089904880839e-01
2.635363511286220595e-01
8.529881761493041115e-02
1.821527193197137184e-01
1.281046972420192831e-01
1.802013745901275832e-01
1.200093501604166807e-01
1.979517756962932140e-01
1.891907283558159070e-01
2.993190147533680290e-01
1.529675514071577036e-01
2.617318670134076153e-01
1.840008864291947654e-01
1.115617058981772380e-01
2.560281037184708453e-01
1.781627088463812736e-01
1.522435380385267489e-01
2.833438006405966658e-01
7.623579497212257250e-02
2.202376040568849447e-01
2.424324451817651549e-01
1.238981622558785606e-01
1.524869642168442119e-01
1.669439928187132494e-01
1.193382023828846727e-01
2.787473507744788748e-01
2.590815931184158316e-01
2.389980254046267238e-01
2.025458838852227939e-01
2.915402881487172415e-01
1.533655561255293509e-01
3.361597001460211454e-01
2.788689099236272284e-01
2.047846148048095560e-01
2.803125781184232501e-01
2.604089483180654363e-01
1.516955061482390121e-01
1.061563661424061167e-01
1.382628922982527819e-01
2.145128470287724354e-01
2.449479051991952372e-01
1.843796680080690698e-01
1.225013894053814667e-01
2.379824420255928219e-01
1.862502614341761953e-01
2.843305919450458408e-01
1.624742218747491918e-01
1.848715274974786493e-01
1.341639495255204650e-01
1.430818240361344529e-01
2.273537382326324963e-01
1.977414569008227319e-01
1.457083187115913725e-01
1.787273092615271342e-01
2.008015844655468563e-01
1.910921957892261491e-01
1.007758383690249421e-01
2.245031379393545024e-01
2.270701318745311781e-01
3.226878725134036396e-01
1.621649769007097730e-01
1.197639636089902065e-01
2.543334538393403066e-01
2.469097980023105543e-01
2.258593722039165252e-01
1.228481494439093852e-01
2.270437335324959061e-01
2.421165989951683806e-01
9.999925531499667675e-02
1.436816144327973666e-01
2.561121925132455734e-01
2.756328689401847387e-01
1.352130346569968000e-01
1.481730492367946406e-01
2.464691355092515912e-01
1.371369473488826818e-01
1.931036683583093605e-01
1.121321335660397933e-01
2.057365617073581565e-01
2.398137086396803508e-01
8.058648851786026635e-02
1.395040766809995669e-01
2.784280212959408529e-01
1.686507407604004583e-01
1.998281599598177305e-01
2.650294818096690097e-01
9.325045377223144250e-02
2.115122184406618699e-01
1.698747340966585417e-01
2.168120940926306361e-01
2.578039051898170508e-01
2.220074681021738661e-01
1.385378305363462181e-01
1.395109680793907847e-01
2.442166797322975758e-01
1.867697051983892020e-01
1.445844269052402598e-01
1.520823611215681992e-01
1.199756497123404819e-01
1.634860136445150935e-01
1.794684617374990854e-01
1.868594271436711807e-01
1.953575144263973717e-01
1.446297144117085209e-01
1.922221897790396261e-01
2.843305919450458408e-01
