-2.382646215077249136e-02
-2.518569427743852507e-02
-1.796135591503002921e-02
-2.063152168040399692e-02
-2.488460235047401659e-02
-1.382932824895366855e-02
-2.524437093506419136e-02
-2.106372540580873920e-02
-2.201016218383243864e-02
-2.218903457268848675e-02
-2.444650513323235255e-02
-2.222117338540792464e-02
-1.721051370713290798e-02
-1.586284778307456289e-02
-1.730141993466891015e-02
-1.428494028014935108e-02
-2.370759329127794177e-02
-2.109082570464132153e-02
-2.049537895393500203e-02
-1.766018566685775143e-02
-2.473372674689608766e-02
-1.712210052667990229e-02
-1.327880013767735942e-02
-1.691713771099683655e-02
-2.413766375513792459e-02
-2.508054493803013943e-02
-1.691286137434732523e-02
-2.632946298682016170e-02
-2.353080626029596667e-02
-1.041098001098943876e-02
-1.754863127546334167e-02
-2.136217797179133099e-02
-1.596411103361627948e-02
-2.540355297851327326e-02
-2.314235017783426024e-02
-2.086654536403122900e-02
-2.163787613407327712e-02
-2.319929087181623814e-02
-1.715169648944705333e-02
-2.510558333298036626e-02
-2.116187096219820929e-02
-1.725961615267901025e-02
-2.747255172034005627e-02
-2.579983769290371265e-02
-1.355473585018896789e-02
-1.398838426417986502e-02
-2.671397176099114812e-02
-2.204507618837889260e-02
-1.521425837591093393e-02
-2.152253035555678692e-02
-2.011583549685111785e-02
-2.043886038648994735e-02
-2.295909327330320979e-02
-2.163734764071813255e-02
-1.690229870086314493e-02
-2.544866454256882252e-02
-1.212195689750387474e-02
-2.434356042187566654e-02
-2.460743891100953401e-02
-2.550805744851368864e-02
-2.058076783516731706e-02
-1.819717978367362682e-02
-1.506383085247261708e-02
-2.018333616752191265e-02
-2.171423913851773524e-02
-1.748870365183047282e-02
-1.251625442781762777e-02
-2.418473373909271057e-02
-1.335606751278401068e-02
-2.263671691077262516e-02
-1.824574680028507798e-02
-1.913844955832365649e-02
-1.723179264354141732e-02
-2.400491528116558207e-02
-1.544890626337270048e-02
-1.704423914255502603e-02
-1.818920412131719982e-02
-2.458835489293609636e-02
-2.382426404498680719e-02
-1.780393424994709123e-02
-2.227081058106468447e-02
-2.498241649818358154e-02
-2.101584282364807668e-02
-1.892849456938266312e-02
-1.778083943376288639e-02
-1.196201797756219973e-02
-2.556169731283224403e-02
-1.801674959666419579e-02
-2.026168245409376220e-02
-2.163985983327734036e-02
-2.483379109082710368e-02
-2.108767155747346203e-02
-1.708379025914813845e-02
-2.395125545062667602e-02
-2.446691183853355947e-02
-2.457805219351338888e-02
-1.385440076338066533e-02
-2.781695511416385630e-02
-2.340578795395590467e-02
-2.350522697394789515e-02
-2.157141639823259571e-02
-2.074528574776941456e-02
-1.390149370655050128e-02
-2.009370458786483016e-02
-1.492595073502930858e-02
-1.868568531350057321e-02
-2.495714390687014256e-02
-2.290925034041427916e-02
-2.052448148486849672e-02
-1.679887677505134333e-02
-2.529617824523860969e-02
-1.960041701570532091e-02
-2.431501034127574873e-02
-2.286532642646578461e-02
-1.801432607064681890e-02
-2.239321505825920405e-02
-1.896577037849986325e-02
-1.430082888368167278e-02
-2.151891792123821617e-02
-2.352985144654751171e-02
-1.484513142522371314e-02
-2.078996253739535949e-02
-2.034786373718126123e-02
-1.745861756320540858e-02
-2.365242855501158148e-02
-1.567055013243463107e-02
-2.595287950486006162e-02
-2.030060292192946078e-02
-2.341497866826311447e-02
-2.209059698031692887e-02
-2.323788147903885562e-02
-2.243585557241029385e-02
-2.289461016846592797e-02
-1.838387853595479030e-02
-1.820889237513396292e-02
-2.301205913225293220e-02
-2.487222850595853865e-02
-2.126752810006736841e-02
-2.234139658528547234e-02
-2.227657161634135491e-02
-2.381811612921743565e-02
-2.117847891676829380e-02
-1.777326427502816386e-02
-1.898332973359813380e-02
-1.657313372315769723e-02
-1.902942583030475115e-02
-1.446888693192184897e-02
-2.068412157203401713e-02
-2.032341721896673004e-02
-2.922887556546200499e-02
-2.167565012075699932e-02
-2.031538659911354822e-02
-1.911104580534938452e-02
-1.817163398388216278e-02
-1.545388242153077768e-02
-2.167194603500003161e-02
-2.319486077464382942e-02
-1.899213837020786999e-02
-1.992289453034759919e-02
-1.839409585388276924e-02
-1.635186916921139988e-02
-1.424280732144586094e-02
-1.247502269955711764e-02
-1.793997000184365670e-02
-1.277338057218725849e-02
-1.432324844297755938e-02
-1.459714222371426978e-02
-1.869336929476923467e-02
-1.998048859767294003e-02
-2.119340284538145935e-02
-1.584771529656681457e-02
-2.163163104127262260e-02
-2.526409548657466281e-02
-2.682571287901984458e-02
-2.605415833673960235e-02
-1.932917781825848474e-02
-1.812163566021024463e-02
-2.427220871324141729e-02
-2.067385660168366557e-02
-1.825875939440406784e-02
-1.959597709342283597e-02
-2.784987424691001343e-02
-2.081477361791708725e-02
-1.887319099771817693e-02
-1.200272629914153968e-02
-2.324838107403185555e-02
-2.234191149531750825e-02
-1.868846805069068751e-02
-1.255337172537614870e-02
-1.509788138392912510e-02
-1.939077882062347283e-02
-2.337838218002349921e-02
-3.226161957707571193e-02
-1.505750953159719699e-02
-2.249033345305397058e-02
-2.261722300392972687e-02
-1.384869060859545906e-02
-2.216886879616098566e-02
-3.000604482692955863e-02
-2.392331322064917415e-02
-2.488347457050279349e-02
-2.223724812141066737e-02
-2.339470528919999903e-02
-2.130979771322464786e-02
-1.567763597051144431e-02
-2.002114525604577894e-02
-1.706677184552470028e-02
-2.370927977300144041e-02
-1.849735402777757248e-02
-1.718145864541006235e-02
-1.922867365416518551e-02
-1.604262863270275452e-02
-1.954765425752165789e-02
-1.851259357869641450e-02
-2.380484935705077382e-02
-1.925985328439417180e-02
-2.155335634872366027e-02
-1.893770021980952650e-02
-1.920100750299198050e-02
-2.305654910046328609e-02
-1.578762355680155341e-02
-2.687931028279900297e-02
-2.846152990802403721e-02
-1.820663130829693055e-02
-2.332155959752316154e-02
-2.274212498917326311e-02
-2.362711219889447947e-02
-2.231653240555470791e-02
-1.432789984445371166e-02
-2.597100245991026610e-02
-2.376320145328383870e-02
-1.610697281874341746e-02
-2.682590709821966804e-02
-2.531519637550939950e-02
-2.121357393422396848e-02
-2.909591889611723783e-02
-1.678483689885220537e-02
-2.041776064332984780e-02
-2.624821450238686363e-02
-1.812123570961529304e-02
-1.791249941484939975e-02
-2.327997306528379121e-02
-1.730335608170121761e-02
-2.020855615352271095e-02
-2.207660164697802796e-02
-2.382547175866658526e-02
-2.045895986272178516e-02
-2.533060205998996506e-02
-2.630774052592821377e-02
-1.693444735137859467e-02
-2.293003858708636197e-02
-1.913872665685814600e-02
-2.070055115817568195e-02
-1.569441289716997853e-02
-1.980355612266861132e-02
-1.933436904543955545e-02
-2.061898417302389028e-02
-1.645706318376181226e-02
-2.052511424432037698e-02
-1.486459232598664679e-02
-1.873713047721252412e-02
-1.879794754097284873e-02
-1.447630481585060122e-02
-2.268762907903773551e-02
-1.662914068069326623e-02
-1.734146421332165983e-02
-1.644359958314405706e-02
-9.783211529617592828e-03
-2.435608049175304324e-02
-1.951558802308929128e-02
-1.201173620043209135e-02
-3.054868054484252693e-02
-1.047492040758345525e-02
-2.724583219630141023e-02
-2.367665963694482595e-02
-1.311830323706308747e-02
-2.032795424439800408e-02
-2.477386476406230609e-02
-1.690209019531127912e-02
-1.932720823473374483e-02
-2.085727415219741643e-02
-1.565349807311458216e-02
-2.269602111979924369e-02
-1.893149333917190646e-02
-1.494684703914412119e-02
-1.987104731413844722e-02
-2.495667666193846987e-02
-1.961029355419070114e-02
-2.297089253795722014e-02
-1.568483442435852221e-02
-1.960739417629377146e-02
-1.308295364712070037e-02
-2.174021764404250948e-02
-1.276899837566751808e-02
-2.321295076088191259e-02
-2.701737675336634420e-02
-2.486279109164135637e-02
-1.532080555759994869e-02
-1.983922700328779806e-02
-2.323691882660241376e-02
-1.862830552591908731e-02
-2.615392454545895431e-02
-2.165856930348030590e-02
-1.732042978112825760e-02
-2.166715317803582716e-02
-2.220630928735109477e-02
-2.321227842703714114e-02
-1.742103941820198620e-02
-2.604249374289319824e-02
-2.371279864724651701e-02
-2.424770996510417637e-02
-2.185294647901375037e-02
-1.609685871873696092e-02
-2.134228027399321867e-02
-1.781591242248497034e-02
-2.631029989452407514e-02
-2.107128444276339801e-02
-2.404326970640945429e-02
-2.220552699058344487e-02
-1.748902644288707897e-02
-1.550945045081952682e-02
-2.053560090719427217e-02
-2.329455706771000473e-02
-1.894596770473628775e-02
-2.108890283433715457e-02
-2.349829134351420767e-02
-1.107052692805915450e-02
-2.164693187498268820e-02
-1.796243301262012010e-02
-1.983886645469493809e-02
-1.963942245240172385e-02
-2.028707677394905873e-02
-2.292388634411745771e-02
-1.887299552395267643e-02
-1.882465726798527098e-02
-1.409812607155127434e-02
-2.438932415562385797e-02
-2.201620005768169935e-02
-2.030384810592457401e-02
-2.476968360796129309e-02
-2.166478232678890198e-02
-2.094959012029780354e-02
-2.572836955112722465e-02
-1.133835988192112738e-02
-2.277375393194381453e-02
-1.936640715415175601e-02
-2.549065146051961855e-02
-1.639096102645640554e-02
-2.282843894747644403e-02
-1.568703505832548528e-02
-2.530841982292940384e-02
-1.995621244658174476e-02
-2.728070776988896634e-02
-2.132580890002789414e-02
-1.858647597025987058e-02
-1.751054095964708207e-02
-2.392820887929028584e-02
-1.662773060519530041e-02
-2.101046006254991133e-02
-2.314836453451968312e-02
-1.497850366805988584e-02
-1.952621791129557222e-02
-1.966503281393478658e-02
-1.908552386564668982e-02
-2.373212732578079687e-02
-2.355656096549613859e-02
-2.233652843381497138e-02
-2.232370419066701667e-02
-1.704838915652485618e-02
-2.748436577266654204e-02
-9.771014554799277441e-03
-1.796158035617537521e-02
-2.033178895693969063e-02
-2.009206918510320419e-02
-2.234362083336621091e-02
-1.904297572455820181e-02
-2.027453718883826667e-02
-1.860930216083940894e-02
-1.665996161755749910e-02
-2.496341244533903381e-02
-1.965223465324006380e-02
-2.230851913220787547e-02
-1.701760200352603683e-02
-2.391187160442340143e-02
-2.419998688567298259e-02
-1.702697623695564183e-02
-1.840946677824325389e-02
-1.798928722425871193e-02
-2.666396679815951493e-02
-1.657833191754120791e-02
-1.976916946365036079e-02
-8.913105726996660080e-03
-1.723714705330823410e-02
-2.002247291901404144e-02
-2.050570050734356123e-02
-3.272205008253600139e-02
-2.187576509541279760e-02
-1.808002773374512567e-02
-2.209409178250082428e-02
-1.730497154764586848e-02
-2.576126480489014658e-02
-1.882652410882045338e-02
-1.758766012789209077e-02
-2.024822614699979539e-02
-2.462411460806713734e-02
-1.973018602058083590e-02
-2.086763620656941626e-02
-1.902180715858895615e-02
-2.049970576733187166e-02
-2.089927971345348356e-02
-2.386367440130814088e-02
-1.861631208115017977e-02
-2.278492575999436012e-02
-2.151459181146759408e-02
-9.367451761693210838e-03
-1.979004905935389039e-02
-1.621227707387646114e-02
-2.745189175771579199e-02
-1.903455164135565980e-02
-2.277254820137401478e-02
-1.999323896358229380e-02
-1.182414940619978122e-02
-2.570506927071546446e-02
-2.290518497803007564e-02
-9.612683525195004144e-03
-1.873632068116695693e-02
-2.112554339648225338e-02
-1.903327617093102109e-02
-1.920900845854122893e-02
-2.101691525842496605e-02
-1.251723476033606355e-02
-2.592830554952868863e-02
-1.421635061542919111e-02
-1.868998844544294061e-02
-1.980136811644427758e-02
-2.515103232426881691e-02
-1.931784257930638932e-02
-2.386555646318778978e-02
-2.209637292440264772e-02
-2.359546062435125685e-02
-1.673261312261079686e-02
-1.819555197825296206e-02
-1.778826091585504823e-02
-1.615822454669693653e-02
-1.895307614141913261e-02
-2.110379155137847088e-02
-2.070676550316645492e-02
-2.094542695793813122e-02
-2.162111419428746489e-02
-1.615776542137931787e-02
-2.478474766961106385e-02
-2.094435562315728402e-02
-2.153136142273764236e-02
-1.296080646337039594e-02
-2.203286868757543815e-02
-2.798817909222758166e-02
-2.473166289744858568e-02
-2.081743995459071558e-02
-2.163088672522544068e-02
-2.765548950803356498e-02
-2.027538634709233345e-02
-1.965416892956326628e-02
-1.361804164932731674e-02
-2.023349843275345367e-02
-1.794430540583681621e-02
-2.105952648916742040e-02
-1.825219314511398322e-02
-1.890310978890368671e-02
-1.408659232988157539e-02
-1.603892503638030403e-02
-2.005551485908049422e-02
-2.443548908281581444e-02
-2.224232697988920773e-02
-1.792337892100570942e-02
-2.167267474690674073e-02
-1.793201889907110325e-02
-2.778647093025745154e-02
-2.251268893722799605e-02
-2.019562007688598809e-02
-2.271765573854387169e-02
-2.206657506918964159e-02
-2.208037822883872001e-02
-1.753908488624301987e-02
-2.072250875744741094e-02
-2.017863185399394743e-02
-1.096719647521022731e-02
-2.898883389629919663e-02
-1.872058663586843863e-02
-2.022796528298649935e-02
-2.157681071348796498e-02
-2.340574094598368501e-02
-1.980801877790290544e-02
-1.545252302213502051e-02
-2.109484744769974870e-02
-1.587135631298263252e-02
-2.398512148834086935e-02
-2.541710167780427548e-02
-1.775460128524041989e-02
-2.653522163516342652e-02
-2.808610286984209933e-02
-1.990955697735297819e-02
-1.827602997955508901e-02
-2.409021975523072817e-02
-6.761657360914391166e-03
-2.918606581077060405e-02
-2.621099946617268250e-02
-2.252141196552470692e-02
-1.967901573155554640e-02
-1.629088537384615690e-02
-2.259704255792310129e-02
-1.509157042846008198e-02
-1.957966610259910534e-02
-2.595939183598973757e-02
-2.605778969420789390e-02
-2.519008801145406276e-02
-1.726009726543073497e-02
-2.236173650653959510e-02
-1.782938089878711996e-02
-2.774909986223422775e-02
-1.942002842794377654e-02
-2.344605927809563159e-02
-1.361458671867704293e-02
-2.189926102134921726e-02
-2.810630646366560695e-02
-2.161274628906714734e-02
-1.736184235730250588e-02
-2.746826241739969837e-02
-2.052287358602532946e-02
-2.132345475006243787e-02
-2.160725947967193430e-02
-1.791455176070256769e-02
-2.100616066605718105e-02
-2.098495292621190000e-02
-1.702051806818684343e-02
-1.444908645352345478e-02
-1.916658273491719106e-02
-2.074151413115783715e-02
-2.022067770036096307e-02
-1.653874264801525468e-02
-1.424126529882420791e-02
-2.381968400132248795e-02
-2.104636625430279101e-02
-1.970588734795968369e-02
-1.326558321463403890e-02
-9.588594464870158623e-03
-1.776619021629948642e-02
-1.809588582999457559e-02
-2.573472679471451932e-02
-1.470906595732348124e-02
-2.323089543805608240e-02
-2.273634379983682438e-02
-1.824616449173988714e-02
-1.666577823157479321e-02
-2.402283325618069856e-02
-2.799141297421477506e-02
-2.027799831363351346e-02
-1.667075479173039249e-02
-2.218609669061200398e-02
-1.700019569669559277e-02
-1.911886836802690476e-02
-1.758240459133859207e-02
-2.390227960883131719e-02
-2.246940725398540936e-02
-1.916536530206915112e-02
-2.174196350979870629e-02
-1.890340467598215085e-02
-1.664838351447939582e-02
-2.035884016205331132e-02
-1.723482220684178362e-02
-2.158910334926254088e-02
-2.158695747175094770e-02
-1.826492917645376052e-02
-1.928528378155195538e-02
-2.061312413795239606e-02
-1.583324480404416437e-02
-2.105584944260815300e-02
-2.175272900119389410e-02
-1.984399312551984873e-02
-1.674724734362140199e-02
-2.009014400400712178e-02
-2.303363593320606473e-02
-2.678632533626361389e-02
-1.594997111349285776e-02
-2.169981551680997406e-02
-1.521262309103929913e-02
-2.318724736705791642e-02
-1.968821004873283140e-02
-1.485613242118156985e-02
-2.871025452484433568e-02
-1.927754122398005546e-02
-1.377858648037481176e-02
-2.215379002050053836e-02
-1.747945549795173331e-02
-2.003543055590002037e-02
-1.414967413163721946e-02
-2.435065621368050909e-02
-2.244432908668726745e-02
-2.266878061196093280e-02
-2.313543121107323325e-02
-1.657060912554543519e-02
-1.077228287763712031e-02
-2.612000824817500497e-02
-2.041200187350130160e-02
-2.331725498000729313e-02
-1.353613504310493924e-02
-2.132000744654209690e-02
-2.505603405362386016e-02
-5.133941625811860171e-03
-2.726783685224034789e-02
-2.172719716081458752e-02
-1.808605713400145143e-02
-2.351615398048002153e-02
-2.156686644994872115e-02
-2.413986196929850808e-02
-2.398509940681314845e-02
-2.442123280936098553e-02
-2.200174273076969250e-02
-2.075101318368415340e-02
-1.900307667358241276e-02
-1.738606469425393528e-02
-1.839935926468378585e-02
-1.596989186147741713e-02
-1.792298517889869686e-02
-1.771518099010281275e-02
-2.502293394834164547e-02
-2.151337497813784333e-02
-2.256470810622893813e-02
-1.713647329133972594e-02
-2.455042141914819467e-02
-1.921504312317146718e-02
-2.307331482234534908e-02
-2.300676605081614437e-02
-2.239225598040973236e-02
-2.429095719995680996e-02
-2.425745869095137508e-02
-2.428510833906308286e-02
-2.334042197687163228e-02
-2.422431489391373843e-02
-2.385301832825991591e-02
-1.402940200009733171e-02
-2.648766963087333809e-02
-1.215472163547218036e-02
-1.873577056641221109e-02
-1.869478782285412255e-02
-2.156485701112774780e-02
-2.013271743478102505e-02
-1.906348038411723178e-02
-1.445937887005857049e-02
-2.076733308929464700e-02
-1.899022630613261473e-02
-2.516915122822307657e-02
-2.022131622074312823e-02
-2.439433352234665620e-02
-2.275562076665082686e-02
-2.393787784991058959e-02
-1.707453831017660684e-02
-2.143308031446558570e-02
-2.067015530261153908e-02
-2.140360131165984503e-02
-2.204490510891857907e-02
-1.998702794339275723e-02
-2.549163109362104912e-02
-1.958293825610319533e-02
-1.587217437945652107e-02
-1.959696434636652024e-02
-2.347917417218286715e-02
-2.156020957158681639e-02
-2.442082251446031291e-02
-2.540456101517648071e-02
-2.815460144063346160e-02
-1.750494553237937762e-02
-2.149650966681529787e-02
-1.423651793780789099e-02
-1.995288206287721897e-02
-1.996581202377843006e-02
-2.212866683833232193e-02
-2.469868704342819896e-02
-1.262939012353297627e-02
-1.813603530222938909e-02
-1.710954207510961486e-02
-1.544634510584227786e-02
-1.923768677694465482e-02
-2.412062195848380108e-02
-1.589474725875604511e-02
-2.034800396655802451e-02
-2.546467050996467640e-02
-2.309777242113177087e-02
-1.708231860552872697e-02
-1.534825901702654982e-02
-2.234263682590820893e-02
-1.987933927505066561e-02
-2.337278644212937781e-02
-2.200012896490105910e-02
-2.211240894494892820e-02
-2.551178805445752235e-02
-2.016172032644129170e-02
-1.876347107245027526e-02
-2.228139099748268487e-02
-2.436389380009229208e-02
-1.955079771355312801e-02
-2.237026297986579454e-02
-1.328389580549563243e-02
-1.961488308958544285e-02
-2.656748935691647523e-02
-2.014659257472513343e-02
-2.433003444272678964e-02
-2.004122625025425708e-02
-1.002525484916014925e-02
-1.907438200240525739e-02
-1.704130541281428241e-02
-1.260135779334915773e-02
-1.905406649941186747e-02
-2.704147509202428981e-02
-2.328346545913846308e-02
-1.974995026339871826e-02
-2.048119191928960900e-02
-2.261194912459252998e-02
-2.594047231485001326e-02
-2.226274346042996649e-02
-2.360959823688748432e-02
-2.462273940429304808e-02
-2.157904442119254820e-02
-2.232510403125620435e-02
-2.278382971606774526e-02
-1.705947634235181753e-02
-1.929686803482818722e-02
-1.858165251175628377e-02
-2.192935523245746407e-02
-1.627853438013440041e-02
-1.948013457161196227e-02
-1.232164457976936585e-02
-1.589438191291290062e-02
-2.097525127154458921e-02
-1.623405059820499236e-02
-1.906652583751188013e-02
-1.259919253386997638e-02
-1.621018870651564497e-02
-1.818314813029715815e-02
-2.253018686644572138e-02
-2.162243883676569223e-02
-2.640990961822390487e-02
-1.376448691330236715e-02
-2.062204017212686258e-02
-2.389236689731251417e-02
-1.718546031378899788e-02
-2.264990634203496722e-02
-2.937959797186586591e-02
-2.412993011598029564e-02
-2.292897917608270608e-02
-2.128858562711180222e-02
-2.280886736768987511e-02
-2.041793265471628094e-02
-2.034290248313055244e-02
-2.347343402710665855e-02
-2.382531035294079697e-02
-6.042927202267093720e-03
-1.777530646045388449e-02
-2.468651193309465836e-02
-1.707144629932801777e-02
-2.127907091728591452e-02
-1.834394809502850818e-02
-2.287025995508694051e-02
-2.097149621221882504e-02
-2.654006785720749301e-02
-1.714480657722698698e-02
-1.613530112531445446e-02
-1.404554501332913076e-02
-1.981039810985860475e-02
-2.033122050996016145e-02
-2.294995183184577597e-02
-2.663386134637024671e-02
-1.579460885949879323e-02
-2.471311752221734548e-02
-2.559534165608731704e-02
-1.895484038658981282e-02
-2.015462748901134318e-02
-2.225508682200230334e-02
-1.795164008935584699e-02
-2.037897916015203939e-02
-2.065708475764160834e-02
-1.678547745094358459e-02
-1.928061526845154666e-02
-2.275628072469759386e-02
-1.829302890816907404e-02
-2.699973600760457657e-02
-1.902250150029028558e-02
-3.057414193082061069e-02
-2.148960906151465775e-02
-2.539974005969505497e-02
-2.279911149391474628e-02
-1.877845930583139228e-02
-2.006401645282935089e-02
-1.751573715192684955e-02
-2.006307402489782704e-02
-1.958685120606892122e-02
-1.879733688651707285e-02
-1.841426562458581273e-02
-2.090040033613628154e-02
-2.261025787462509970e-02
-2.794406337373381288e-02
-2.475376151725833251e-02
-2.287850754454597013e-02
-2.310668191761201806e-02
-2.542115793441858396e-02
-1.435829502753840567e-02
-2.324161777529238151e-02
-2.055880078860582508e-02
-2.099383359108009800e-02
-2.131888586139898956e-02
-1.787021696476549792e-02
-2.273492639044531402e-02
-1.810835741969294213e-02
-2.437520854374798651e-03
-2.261011369093999732e-02
-2.337818545404541509e-02
-2.198233737351009201e-02
-2.367337135904645090e-02
-2.103189918559072308e-02
-1.842918807896365418e-02
-2.136584683321275310e-02
-2.355331406995761490e-02
-2.078558480696819644e-02
-2.103787915739442627e-02
-2.049363348775296717e-02
-2.268639568108600513e-02
-1.759572519132095170e-02
-1.969684554862417142e-02
-1.842383487037143816e-02
-1.831127209264490213e-02
-2.301573346093031477e-02
-1.655668336982884029e-02
-1.923490276845268507e-02
-2.005993934227408987e-02
-2.025726370222633715e-02
-1.751073540392507344e-02
-2.890611967582608355e-02
-2.054418959435522218e-02
-2.338472191492269731e-02
-2.532647295842197291e-02
-1.955545375302948641e-02
-2.113953267764765581e-02
-1.453490479469651125e-02
-2.662428037468729872e-02
-1.963645803545871482e-02
-1.992136008510034945e-02
-2.288473439440259077e-02
-2.010142734322660843e-02
-2.216616597438702402e-02
-1.889963620844755526e-02
-2.166338974770611048e-02
-2.323179216599005267e-02
-2.341855442725358782e-02
-1.356973223653064331e-02
-1.836296294759110631e-02
-1.932747070458941743e-02
-1.903567341602607765e-02
-2.018210345327462255e-02
-2.296997373827902589e-02
-2.214823200230246411e-02
-2.439341242251381880e-02
-2.233546107198444361e-02
-9.298969567737212089e-03
-1.946907193823922688e-02
-2.242286558562667231e-02
-2.060321286851108519e-02
-2.285764958520747001e-02
-2.221073136224861050e-02
-1.987199759278695729e-02
-2.471393148321770344e-02
-2.006805887837875835e-02
-2.628665010431037452e-02
-1.794802376674251368e-02
-1.846442333839278666e-02
-1.977014388414924037e-02
-2.173201473826155694e-02
-2.087747470384491988e-02
-1.624974169780115177e-02
-1.998365451414514313e-02
-2.418133231637381239e-02
-1.518498532744054670e-02
-2.116401636438529354e-02
-1.905071411086367572e-02
-1.982743226905106515e-02
-2.169844134022190854e-02
-2.012972794505403507e-02
-2.213541618374901404e-02
-2.064346383267688656e-02
-2.354715509397956388e-02
-2.488915743827576493e-02
-2.226844948861561591e-02
-2.634038674602913466e-02
-2.104439473571908387e-02
-1.843239918277781580e-02
-2.273260944326698646e-02
-2.102750707831287438e-02
-1.845956386635172475e-02
-2.760311298611185793e-02
-2.074137845182755929e-02
-2.358237451760782435e-02
-1.747217870171014625e-02
-1.797516254005286640e-02
-2.354956722214530257e-02
-2.054514858952399131e-02
-2.262199946659818051e-02
-2.097396768928886171e-02
-2.395468711308911675e-02
-2.363409313187957855e-02
-1.480521859389873768e-02
-2.379113868313253999e-02
-3.260294417015283802e-02
-1.995645563191135452e-02
-2.286651982977538564e-02
-2.324043847382341321e-02
-1.428324462206154513e-02
-1.752088766304060741e-02
-2.247316451646786534e-02
-2.540572062780143553e-02
-2.028997837804984161e-02
-2.393141499485137644e-02
-1.579719360344399026e-02
-1.373948678627116837e-02
-2.425341075489830314e-02
-2.146879947569852939e-02
-2.383983268181356571e-02
-1.557603836528604485e-02
-1.944623056942984887e-02
-2.415021346912666483e-02
-1.973169230017689235e-02
-2.156372539946573713e-02
-2.022807420411598667e-02
-2.369603241113633213e-02
-1.828243854077296615e-02
-2.456559085464408293e-02
-1.715827475179285827e-02
-2.223533891160294623e-02
-2.518071740667248218e-02
-2.773057197680449393e-02
-2.267997007519788333e-02
-2.418699773481805190e-02
-2.056642766230030311e-02
-1.927083182056440330e-02
-1.663670008577300408e-02
-1.989378028996611689e-02
-1.722673597787470826e-02
-1.799935095214883971e-02
-2.000330425841944856e-02
-1.930779678659550261e-02
-2.290416440651444480e-02
-2.376256714449538968e-02
-2.038485306829958266e-02
-2.200172101099926933e-02
-1.366101988894800889e-02
-2.615114554052418508e-02
-1.950251070602690082e-02
-1.700103395522310420e-02
-4.494625386139360426e-03
-1.918692045596328416e-02
-2.067595026777271916e-02
-2.113270379327782458e-02
-2.452145353835422439e-02
-1.660506513584621147e-02
-1.826673527014046824e-02
-2.187724628763638643e-02
-2.454487448524072385e-02
-2.123788441803995189e-02
-1.734415659869609216e-02
-2.043956352051188100e-02
-1.637044988749511432e-02
-2.719698883554859739e-02
-2.310508016891644339e-02
-2.760285550952353006e-02
-1.691303808467544550e-02
-1.446966608399502183e-02
-2.198200307408610527e-02
-2.037313026255494278e-02
-1.488812268614427697e-02
-1.715683893125338755e-02
-2.567752029731789135e-02
-1.913945025144375700e-02
-1.738953130608355060e-02
-2.202515643027428902e-02
-1.953794961937171948e-02
-2.076305770916679616e-02
-2.120419057009683556e-02
-1.864990991624887115e-02
-1.519957033671004952e-02
-2.200086466972967295e-02
-2.025967100852842789e-02
-2.110119374993146141e-02
-1.929280554562707445e-02
-2.406084610186620329e-02
-2.315370739196460914e-02
-2.144568427769412422e-02
-2.463200131689768230e-02
-1.631162576032536490e-02
-2.426554692658812115e-02
-2.760542423656842798e-02
-1.223650029665826824e-02
-2.362711219889447947e-02
-2.003543055590002037e-02
-2.075101318368415340e-02
-2.012972794505403507e-02
-1.989378028996611689e-02
