3.198190432732170296e-01
5.696686707030554908e-01
4.063129335309107470e-01
8.244599912463212998e-02
2.071586631231619735e-01
5.397789143935607381e-01
2.034698068111568670e-01
4.060801155590327283e-01
2.675105307698848467e-01
3.556348214474800429e-01
3.708812943382832628e-01
2.637120667894523041e-01
2.557720033499453760e-01
2.552684895199175963e-01
1.912522224490361689e-01
2.077828452489078603e-01
4.131432663205920064e-01
4.752844984545487872e-01
1.974260119076359787e-01
4.292542980989516033e-01
2.073101193670094933e-01
2.102485263163945683e-01
4.740131202718128600e-01
2.078355990899203309e-01
2.816621381788021461e-01
3.077696899432805777e-01
5.352536696518471748e-01
4.131482332064141949e-01
7.771441832986171472e-02
3.604556224444883106e-01
3.954074198944679264e-01
2.520276444691426643e-01
2.658327001418137048e-01
4.455787196334489719e-01
3.660005244227769738e-01
5.386788672427227365e-01
4.597828650020772678e-01
2.950582776264352725e-01
5.979210834477820535e-01
2.148144846608713299e-01
1.686770402824391002e-01
2.624298059568059838e-01
4.032481329224062438e-01
3.652900651844773749e-01
2.662591156131293713e-01
4.014818228464596683e-01
3.606917833461206757e-01
1.696831750137346162e-01
2.885275173144511984e-01
2.843982617486729425e-01
1.798673158411038253e-01
2.288876254597268789e-01
2.565302776875722501e-01
3.749545959589499766e-01
2.088228533646002416e-01
2.763254657440972761e-01
3.751378710689985962e-01
1.881288667692922467e-01
1.312183121328652502e-01
2.561209105198768432e-01
1.983187335638496862e-01
8.189134040743645260e-02
2.949742040762229345e-01
4.754070805553199386e-01
1.839135517615262394e-01
2.170834982672020241e-01
3.425525245932553031e-01
2.315030489348751386e-01
2.867805034095748939e-01
8.819426187173797782e-01
4.931244809156437037e-01
1.953510494248364426e-01
2.181679787301668838e-01
3.259007046912980043e-01
3.001507925732292970e-01
3.376140480482981987e-01
4.350690101238016139e-01
2.914453329174518936e-01
2.646413974045200290e-01
3.580041935854541002e-01
2.419426451028560132e-01
2.158534999210490746e-01
5.029095449438134580e-01
2.176516527335893569e-01
1.749587368478506544e-01
2.880479060471470287e-01
2.547184125537194088e-01
2.539406878105387455e-01
2.584495208069702565e-01
2.262772168287670582e-01
2.223769924727046488e-01
3.139138787244659112e-01
5.304669548930754930e-01
2.281947762909316835e-01
1.820152925717126446e-01
2.778653382757408918e-01
1.960899455478600228e-01
4.659028899757696185e-01
3.976660289208948096e-01
2.475283455115443176e-01
1.841202527142408452e-01
4.567697045194208938e-01
2.587195095210466644e-01
4.933531417597806223e-01
2.145268688581760952e-01
1.317321879999093504e-01
3.704021243512133910e-01
1.713540642370438294e-01
5.003250274000157205e-01
3.943956096770035447e-01
2.755956365693217891e-01
2.344251140433724623e-01
3.288983648807159987e-01
1.295709676335724536e-01
2.408817023874042229e-01
2.351178957187221030e-01
3.790463692434777876e-01
2.733155267995902027e-01
2.290748738861732026e-01
3.197420274363509396e-01
5.596428439286060819e-01
1.600108538141323256e-01
1.905311761838221207e-01
2.077610577921932267e-01
2.240980398909337978e-01
1.829684996354353221e-01
1.826440868515613880e-01
4.100290640310865209e-01
3.909608360685408179e-01
3.785379515160656183e-01
2.177794277117048038e-01
2.830652111088204359e-01
3.070006946688411120e-01
3.465464748390181260e-01
2.906636483073186117e-01
3.565335464070222837e-01
4.703449794375672011e-01
4.326121178724967042e-01
2.359333741202566948e-01
2.925771763336403319e-01
1.740080132744148966e-01
4.195932478414019506e-01
8.384024718034803481e-02
4.346599465797845729e-01
3.059902683487393804e-01
2.986542454556924131e-01
6.176252105007259408e-01
4.851567871941072640e-01
2.595663542735869855e-01
2.098326292496452972e-01
2.161071864990729563e-01
1.245687962070022581e-01
3.226038557642672000e-01
2.438757223689244635e-01
2.519999201091491225e-01
2.876621569600054662e-01
2.573038495940919712e-01
4.497050946493583168e-01
1.928293230617048881e-01
4.792403402185148042e-01
2.656172408943741070e-01
3.217042769823132420e-01
2.851897770814206812e-01
2.227880022772252833e-01
2.557413638889493024e-01
2.742786496170352972e-01
3.876315374181099060e-01
3.279465992709301170e-01
4.910195585113270034e-01
4.767353266310008775e-01
3.579760625562745657e-01
1.594677227511021589e-01
2.756247456186692313e-01
2.215431091521887219e-01
8.173799546438750840e-02
3.465102402470503495e-01
3.567384505597336886e-01
1.308173782993280188e-01
3.273381061714428775e-01
2.242619570988743094e-01
4.034777881200760086e-01
1.509559535771945460e-01
2.114127791433628722e-01
2.619979887549443442e-01
2.073561597997236050e-01
3.463132481496598580e-01
2.219819402832652055e-01
2.677447917917810671e-01
4.303505498326793410e-01
3.494641929670259661e-01
4.900691755788639803e-01
2.417918079273391474e-01
4.115565260911313583e-01
2.690909718717728327e-01
2.260403920425573254e-01
3.951032760597383842e-01
5.424383327061301774e-01
1.794619976509028436e-01
7.581079067657137127e-02
3.469732479433217942e-01
3.918951896646998279e-01
1.327643426674006977e-01
2.399850120233372741e-01
1.333534165936705873e-01
4.224676598102561353e-01
1.348931775907110664e-01
5.598526047439597031e-01
4.168948684301131413e-01
1.438096150333080803e-01
3.576159527074033173e-01
1.570158759519220404e-01
2.423521444023078175e-01
2.727126716527997763e-01
4.090277543650207015e-01
3.445435786865529426e-01
7.423194617124493355e-01
2.627759720799317522e-01
4.422603346696684645e-01
2.385147262160822179e-01
2.540310816523857484e-01
2.525502476825811082e-01
2.850331188573954067e-01
5.674660596185768791e-01
3.509962720178303464e-01
2.645226939811413658e-01
2.033772999631472123e-01
1.632323149447766908e-01
4.316404867929446443e-01
1.549776981618535554e-01
4.492661317259999398e-01
1.889877850186939268e-01
3.076687987247747613e-01
4.071995616216114722e-01
3.732464162104166538e-01
1.593302516977674610e-01
4.195876523017904036e-01
1.659394182697911668e-01
2.658283603108915760e-01
3.410703971911118182e-01
5.390250843281623183e-01
3.755651342218730426e-01
2.283556140757158626e-01
2.382007604852820204e-01
2.551508046695986076e-01
3.107556505836387428e-01
2.950989026853288455e-01
2.844015699628793525e-01
3.223464985717000575e-01
5.766873497384663594e-01
1.853558294656989791e-01
3.509004750719962318e-01
2.988538163008009896e-01
2.739375690848510070e-01
4.014133394793435450e-01
2.210759636664250682e-01
3.501415633201483968e-01
2.337729073760460574e-01
3.670604690467315079e-01
3.886996202835608094e-01
1.745551782603023683e-01
2.405464164938602711e-01
2.659780557771667109e-01
3.686601455648211290e-01
2.334084177870837939e-01
1.774451256000737498e-01
2.419493235948790288e-01
3.026646408882737171e-01
3.422018656428004180e-01
3.518871848415639492e-01
8.707316621678440338e-02
1.967248107697842086e-01
5.128179335448115328e-01
2.857120606209173075e-01
1.556113759521798312e-01
2.728882806419244966e-01
3.314348856552199463e-01
1.946998154848607332e-01
2.803090591649647356e-01
2.366208641634368892e-01
3.501897871414998420e-01
2.234755302781029629e-01
2.561883115831686819e-01
1.096340670924485505e-01
1.571144115138864705e-01
3.399485674473893826e-01
2.617441928376421645e-01
2.822033641796387604e-01
3.619453568879451022e-01
2.534812505983345954e-01
1.523393867582220895e-01
2.903708203551482736e-01
2.223023749954920469e-01
2.287554661260606526e-01
1.735382594082566787e-01
3.723621386793521948e-01
2.464455678036169828e-01
3.448128779654400788e-01
1.961967525307312388e-01
1.492012802894608359e-01
1.726481789583074467e-01
1.483124057028274712e-01
1.137999165755939623e-01
4.103870096840435133e-01
2.558602949940094184e-01
2.734435352046064027e-01
2.989353226621870308e-01
4.224299230724711252e-01
7.972483016356789187e-02
2.064296427497389896e-01
4.620664950396296544e-01
1.668202007926941621e-01
1.740932681331592013e-01
2.074949752733833142e-01
2.047415345082743421e-01
3.532050683068788666e-01
3.065684514169954022e-01
3.584217344209135181e-01
2.128523855056010938e-01
2.968608854855076529e-01
1.082811144888604360e-01
5.352865109709523672e-01
2.509826691433634238e-01
4.096747898068035521e-01
1.711316680744741914e-01
3.078812381059940484e-01
3.991605754799771311e-01
2.438457043430662385e-01
3.241826473483048754e-01
1.021596494739487326e-01
4.619440412315490296e-01
1.736042201757204972e-01
3.249597670311501485e-01
2.189856183711391957e-01
1.895936346502470893e-01
1.832156448755412892e-01
3.351066306179079635e-01
4.999469634724059142e-01
2.205279672595053253e-01
1.924496582322455240e-01
1.866612774983472667e-01
2.819661885580878602e-01
4.019597622748543597e-01
6.026620340250661567e-02
4.440595446044870998e-01
2.320494761164058062e-01
4.872193821613056142e-01
1.361834639751326181e-01
1.171812794522672507e-01
4.752447483469137146e-01
2.489469882808827417e-01
2.004131668798949106e-01
1.746069105678084987e-01
5.163210210505870396e-02
1.968725420290030059e-01
1.645249657267907617e-01
3.188201978871166298e-01
1.975336434289956533e-01
2.580589765661925883e-01
1.631940837303550718e-01
2.057180228980452219e-01
2.576831641668995143e-01
1.910169267161572204e-01
1.225547634480645409e-01
2.524028501117108747e-01
2.668629958917671519e-01
2.676177262343546470e-01
2.459960345516426228e-01
4.168829752622801865e-01
3.781782537376779940e-01
2.061045788041844518e-01
2.678014432998769845e-01
1.251212652238706535e-01
6.441444426539930657e-01
4.017730776310299290e-01
1.733905964990060944e-01
4.729328712401879020e-01
1.019304553233898736e-01
2.294756250643995577e-01
4.318202644035416538e-01
2.427448715898712639e-01
2.904889854503477920e-01
2.288988954732046333e-01
2.164691632634258012e-01
3.232078115653566064e-01
3.116956452445936998e-01
2.593485096495618536e-01
2.467645703208204699e-01
1.547802640645070393e-01
2.373236920121865601e-01
2.633552368719894732e-01
3.452909016060299874e-01
2.498119455468348904e-01
3.398112206833014404e-01
2.662351440925440071e-01
2.452991818059029883e-01
3.732614711794272622e-01
2.716415992930905632e-01
2.528047000628810270e-01
2.193157856060957145e-01
2.272743689804793688e-01
1.605111934095614368e-01
2.234147038072169522e-01
2.654574329231293994e-01
1.891553332092725248e-01
1.849581524323730963e-01
4.309439035342692015e-01
2.070077535298362748e-01
2.477349342423882661e-01
2.188483653041306265e-01
3.892435631150239495e-01
1.821719297099260726e-01
3.295284066839764825e-01
3.711691230843190970e-01
2.341092662485538267e-01
2.421125720834211570e-01
2.405443924442789982e-01
2.206851011782240968e-01
3.695508661993921473e-01
4.358858144847662652e-01
2.046753635756858314e-01
2.718323225661437026e-01
2.983446975208499663e-01
1.385017502826648150e-01
3.446680549787041747e-01
4.320711683395632718e-01
2.177254143510759243e-01
2.802218693699044527e-01
2.755957314142536974e-01
6.852260773061763510e-02
2.593026875669633413e-01
3.380386019501666062e-01
2.752607747706115604e-01
1.782580574543776719e-01
2.472633965684795654e-01
2.223459709739281920e-01
4.541460089880495765e-01
1.317698998264826837e-01
1.225945624528063799e-01
3.182812719686770042e-01
2.903831080374108531e-01
3.348833614636140266e-01
3.160428952030357452e-01
3.404337797018052170e-01
2.392045614906047335e-01
2.027252151477286490e-01
1.918491979698473959e-01
3.163332616007236697e-01
1.714057093669411891e-01
2.233483703251529784e-01
4.838203738745711080e-01
3.211708876677918378e-01
3.627683843467937597e-01
1.439224075661419411e-01
1.741570984314217974e-01
1.427120234584768887e-01
4.546439601845268519e-01
2.471870235847094255e-01
2.771334987065007804e-01
3.492903924208868305e-01
1.250931350196632097e-01
1.570893763226466622e-01
1.164098201524349785e-01
1.804755317094364209e-01
2.043290038145418597e-01
3.156987470805247553e-01
1.682544692603232805e-01
1.893014570782164674e-01
3.048216660870939343e-01
3.619200919115736492e-01
3.334295960456987729e-01
2.583696057884705133e-01
4.026164027241977417e-01
1.001069485135839821e-01
1.425908678352346137e-01
1.765446069279701380e-01
1.916567476558016514e-01
2.279439643655753744e-01
2.709692096748995693e-01
3.355942188071655008e-01
4.045631162739661835e-01
2.583378301881268380e-01
3.118561430377944643e-01
2.439438914510799750e-01
3.464097892414976232e-01
3.334148964340306609e-01
3.095699564617246380e-01
3.230920955920175142e-01
1.218245023167009861e-01
2.236157866795432658e-01
2.997197316913498000e-01
2.808836185768286975e-01
1.541170877170952025e-01
2.352267772252484845e-01
2.225257011534800544e-01
3.674055199801727900e-01
2.461074319561226131e-01
2.048406048553856329e-01
3.735335848316675422e-01
4.060194908159582283e-01
4.402300260396033171e-01
1.217321585420546304e-01
2.610318500444699930e-01
1.895857929879544157e-01
2.510454835107695515e-01
2.250280943883768425e-01
1.734613291407627322e-01
2.920137428139687463e-01
3.097677289122702793e-01
4.526613567337166022e-01
2.239325703198493667e-01
1.870283112974841788e-01
2.347638386017710244e-01
2.188938055246316405e-01
2.543852251416471866e-01
4.392986750109953986e-01
2.934739415864423551e-01
2.267890054647335174e-01
2.544822232518086924e-01
1.674110882413255008e-01
2.173801754881536374e-01
1.708465823616198975e-01
2.339556449188209541e-01
2.298323918013756018e-01
2.934548997335275633e-01
2.166827882788185389e-01
1.874143170446625484e-01
8.567914499556600338e-02
2.220020706042754033e-01
2.832465675571320118e-01
2.073502982658720906e-01
3.550218374433032342e-01
2.086451905001911744e-01
2.291928127556128736e-01
1.462755971340243266e-01
2.855650309789097840e-01
1.718938359930405613e-01
1.912575066930587986e-01
1.510265074346832936e-01
2.269320411029730478e-01
1.707873735656744441e-01
2.066832677340552371e-01
2.192107620063990514e-01
1.518308425325693434e-01
2.932897559142356170e-01
3.631386306657051755e-01
3.281285226512536402e-01
2.514663638769921716e-01
3.825772121422195693e-01
3.327378690574890885e-01
1.572468339439531959e-01
2.994730174418670510e-01
2.139612026420654733e-01
3.039474469543411717e-01
2.831270395536937268e-01
3.914430118195823538e-01
1.495377632192114725e-01
1.942801880299435402e-01
3.051208823472633114e-01
2.194761106167463505e-01
3.311716571296100531e-01
2.693673336754953684e-01
2.262098928231272843e-01
1.064006990916842310e-01
1.241004424163672654e-01
1.625507451399332837e-01
2.034092176893014525e-01
2.447833676341288345e-01
1.824137449572314773e-01
2.344327280745066855e-01
2.294080657659753608e-01
2.612378077578770830e-01
3.001241805240235094e-01
2.234667949283261346e-01
2.181176913803564710e-01
1.961844704239301129e-01
1.543819973517391586e-01
2.020762330306196120e-01
5.604181927636192606e-01
2.952804290301692669e-01
1.951503288218431609e-01
6.778561221743156784e-02
1.573904526072952836e-01
4.078142061501927040e-01
1.594331877664398600e-01
1.678570440295291955e-01
1.673715529720961048e-01
2.508409121463422431e-01
3.150660766365076526e-01
1.630800160496218565e-01
6.030001085219602319e-02
3.388823468544134854e-01
3.857487895393605370e-01
1.777020483972795994e-01
1.753220838704973583e-01
3.711358329454386151e-01
1.534703845994727922e-01
3.438222957397814028e-01
3.245343459822849774e-01
1.244421361693067163e-01
3.638413609189309339e-01
2.849613735979997786e-01
1.263929764296834457e-01
1.441117057599507201e-01
1.439315742995859182e-01
2.118221505589656106e-01
1.942724905412432368e-01
3.976689717496140197e-01
1.410296113745856117e-01
1.634594353397571531e-01
8.661118497725207865e-02
1.540772742185658184e-01
3.966367383931647117e-01
3.014277831421919296e-01
2.106964261099853741e-01
2.969461780525689543e-01
2.347702591087203472e-01
1.904578381184494906e-01
1.238787012280243710e-01
1.900639746697407595e-01
9.510721316472445230e-02
3.885940247942635817e-01
1.357393594725606611e-01
1.798479926163008003e-01
1.186479801469897538e-01
3.082040838486752587e-01
2.202439293033299217e-01
2.184782247299200675e-01
1.890720026549780330e-01
1.668664483888127048e-01
3.439052906931906461e-01
2.131678096347116302e-01
3.194984175250160652e-01
2.908847013058778463e-01
3.077383277826349350e-01
2.433129631526932957e-01
1.759713439931982759e-01
2.006627253564149949e-01
2.115753696916193305e-01
2.893113856716912902e-01
2.613120874635387891e-01
3.219481408526256860e-01
3.548648869058462774e-01
2.319296996021187052e-01
1.805554259404142936e-01
2.438370549796609055e-01
2.878413937742049233e-01
2.776662270128097409e-01
2.030077257366800780e-01
2.604515744294897961e-01
2.193143178234411017e-01
1.270625135077409762e-01
2.893645143841145351e-01
2.319436510994349332e-01
1.309741085619589573e-01
3.263247755500441327e-01
3.087589888004348415e-01
2.142263216970011208e-01
2.251223566536099951e-01
2.285578806489882431e-01
2.431110096790936315e-01
2.176245782800911299e-01
1.192254734088597501e-01
1.067117994897681665e-01
1.695286052916221420e-01
1.307647141715146399e-01
3.606268794138440259e-01
1.663268263900459787e-01
1.569205250048339439e-01
2.401966507918576188e-01
2.083119125283864337e-01
6.690038781562981929e-02
2.125827954498867300e-01
1.797250520982737187e-01
1.183832474347206870e-01
2.911418964362063599e-01
2.099622378575842219e-01
2.481048987353098312e-01
2.693865454685267502e-01
4.658621325492300347e-01
1.504204111550681566e-01
1.500568491973369167e-01
3.625745411713393040e-01
1.049649890441922417e-01
1.024050274825183682e-01
1.575197484363538292e-01
1.340319106337873323e-01
2.069353289352313663e-01
1.896940723428336140e-01
1.848854614117320383e-01
1.274458798195467202e-01
2.510187796987221054e-01
2.737498658711542410e-01
1.937797577200938981e-01
2.350032390521329395e-01
3.296393549611494889e-01
2.002908948848051707e-01
1.883573366960593909e-01
1.757838289510233465e-01
2.634180575665946988e-01
3.571808776161610188e-01
1.849944296368074836e-01
1.588247982783728973e-01
1.601122292701662730e-01
2.091763307837707642e-01
1.728081234816926659e-01
2.719082909817123195e-01
2.368681263051675423e-01
1.820339680853171882e-01
1.657448754941190927e-01
4.839635329026443222e-01
1.642984943380076390e-01
3.854006856597160247e-01
2.870523737380160645e-01
1.985949095445087575e-01
3.673411106570613760e-01
2.697966742011700947e-01
3.790834476548764487e-01
2.032708969914227004e-01
1.236543489839148358e-01
3.615341326481359974e-01
2.913505223524857080e-01
1.288946871037388586e-01
2.693607404027905661e-01
1.904110173808655215e-01
1.701495470966536971e-01
3.866474076572376517e-01
1.131685780641803751e-01
3.231972070955892451e-01
1.718109647089305358e-01
1.700837152194618063e-01
2.669039636247307890e-01
2.916416734385678944e-01
5.156388240110106047e-02
2.184026415712098657e-01
1.680873800530654494e-01
2.796441476020662398e-01
3.776298050582799770e-01
2.633105645241184400e-01
2.177491130078892667e-01
2.154125270823036842e-01
1.930745320715890612e-01
1.767926124354913531e-01
1.216624179208252582e-01
1.605931257499619846e-01
1.704239778415408413e-01
4.015757827611760589e-01
6.287206999088676418e-03
1.255436221569309063e-01
8.679261700807998359e-02
2.208009227995627877e-01
1.834360784011387913e-01
2.633009129256469461e-01
3.656521822950699052e-01
2.580995929017235180e-01
2.514771447918007219e-01
1.820886299687670962e-01
1.543978525448138905e-01
1.922690415713070033e-01
2.055202291819678007e-01
1.091702382454414061e-01
2.231171839572479165e-01
2.595189682244603557e-01
2.378827647059321149e-01
2.003316819097413493e-01
2.370762849578834097e-01
3.657575585454624356e-01
1.401724186408234152e-01
1.692685185871404541e-01
1.165114330507378837e-01
2.433938175084914279e-01
1.963654245239666030e-01
2.416819871442352219e-01
6.180517870835743055e-02
1.598431486304110749e-01
4.272299430474970072e-01
1.180373574615470045e-01
1.941891656076585038e-01
1.570767639862818976e-01
1.329118066838053391e-01
1.418912095891437519e-01
1.899005902596521411e-01
1.756381803581942846e-01
2.426509200633247820e-01
1.616571847144481489e-01
6.900692110520409428e-02
3.000963403120839312e-01
2.727238016425712619e-01
3.170215962507483276e-01
2.214150626541797895e-01
1.996781531211068716e-01
2.729538810208015365e-01
1.555858783868543926e-01
2.700175032012894216e-01
2.439236511041421585e-01
2.833856621387944585e-01
1.450528561908483449e-01
2.519345962696417640e-01
2.253612039994624672e-01
1.350220689348733127e-01
3.177067207318269582e-02
1.419037627010455160e-01
1.274666979615976525e-01
2.797440077561417215e-01
8.643766530516693025e-02
1.579051430847880078e-01
2.943526487562128646e-01
1.437642352574021176e-01
1.037656825802599769e-01
2.741793098933567041e-01
2.794120361638485206e-01
2.588827403814482619e-01
6.620303073459711529e-02
2.144056455522751758e-01
2.197438552758174402e-01
1.586094349953742211e-01
2.097117055929997032e-01
1.223738353382503585e-01
1.447329598099026116e-01
1.881387539748992643e-01
2.663357031288964838e-01
2.697406121378652655e-01
1.360321369959603954e-01
1.171287763620902228e-01
4.708924512973020060e-01
2.476324374339691214e-01
2.632447364757508623e-01
1.567647806891578344e-01
2.466304846611767354e-01
1.506837692593838429e-01
3.615916608745105565e-01
2.616458807753616056e-01
1.548423687525468939e-01
1.944665378684486412e-01
2.510765488884302288e-01
1.307298261419707619e-01
2.600862131406195821e-01
2.266849777000112254e-01
4.176449903171778333e-01
1.823951257296445305e-01
1.624104629037796399e-01
1.604217683134765149e-01
1.432137284293073243e-01
1.114853556946659302e-01
3.016745393592297209e-01
3.086811187968491188e-01
1.571741784243274598e-01
2.421879118843494050e-01
2.364420404315815682e-01
1.665661975447270959e-01
1.494041446611299451e-01
2.830459294952561433e-01
1.608159078958119048e-01
1.475483948611771567e-01
2.891653123452134211e-01
1.978646555273852192e-01
1.792079269415581266e-01
1.286953773571115067e-01
2.552684829199485250e-01
2.098309951274205665e-01
1.258962003496572613e-01
1.270605357594782048e-01
2.711459248573417913e-01
1.395890727166168022e-01
1.530976881668081879e-01
1.933170734725348783e-01
2.686013117044909193e-01
2.133398093042981336e-01
1.246351240290843043e-01
3.172314227657645480e-01
2.150847208556416479e-01
3.183772492804112231e-01
2.385249471956879808e-01
8.983803069430815191e-02
1.417396306831809338e-01
3.312269451004055121e-01
1.714105776434415307e-01
2.570418301366436675e-01
2.491925915383908507e-01
2.546755453315580064e-01
2.721472659620660095e-01
1.932676196195614593e-01
1.845386724013261259e-01
1.190202835760992561e-01
1.711996104203603042e-01
1.720924618339855772e-01
3.748580094125136819e-01
1.703199311015441419e-01
2.460567798549070651e-01
2.555435244612200285e-01
2.005728343631554000e-01
1.141958910761563945e-01
1.540696010852051490e-01
1.897917645227678862e-01
2.453976140414591556e-01
1.983600332741859984e-01
2.067113910395015075e-01
7.410751222540278016e-02
1.514910305386605316e-01
2.399539766110142247e-01
6.782663891322027183e-02
1.641775567796608382e-01
1.045551300198739875e-01
1.596562260006035849e-01
9.738735069381850018e-02
1.769778080070043558e-01
1.652360412427267833e-01
2.756849216214884435e-01
1.381623328132589590e-01
2.379407283302750753e-01
1.513979422590419344e-01
9.160525026626588352e-02
2.331615838886954561e-01
1.549222703725578465e-01
1.379602934164652073e-01
2.658229129775560584e-01
5.376263045565470716e-02
1.948318834290835022e-01
2.221424668037152994e-01
9.996674726102718067e-02
1.366897706134002077e-01
1.532045060324420671e-01
9.508479162798637307e-02
2.572785512987803558e-01
2.352417604366022763e-01
2.234219870393406859e-01
1.830996533157929484e-01
2.673900746795905836e-01
1.336338638253524724e-01
3.145959747465554290e-01
2.586408357195112417e-01
1.810885823936732308e-01
2.620301395776503117e-01
2.358433574634213603e-01
1.345372313964461608e-01
8.392102723080316351e-02
1.130821748915803032e-01
1.867822750519679276e-01
2.222679351239973400e-01
1.601926702732510144e-01
1.019349617430811705e-01
2.187116102050284117e-01
1.696135613484031912e-01
2.644368116550797065e-01
1.452474858968744731e-01
1.668721765453298200e-01
1.141606452671010130e-01
1.237740272495389537e-01
2.044495738261180584e-01
1.739788897563273318e-01
1.253234656432917760e-01
1.567255882505278752e-01
1.871405645765988335e-01
1.649410502487019536e-01
8.127332766299803779e-02
2.075021039841314086e-01
2.225755064883918055e-01
3.035009520574403763e-01
1.414890266329370538e-01
9.863125981571238543e-02
2.298120003009860857e-01
2.303047328664643567e-01
2.075926369337760535e-01
1.009709031562729953e-01
2.024988590472551753e-01
2.208787145771284322e-01
8.265509871630058458e-02
1.232420509122854890e-01
2.397417426257504591e-01
2.484358801046361309e-01
1.121079544880803636e-01
1.205701937272711105e-01
2.295560974245761388e-01
1.226672812648876565e-01
1.711216652842232622e-01
9.175900330348485401e-02
1.908484390212138726e-01
2.226568697084269632e-01
5.490896822054237847e-02
1.203646264295558099e-01
2.610384899898572919e-01
1.466255843301261796e-01
1.802902103404460110e-01
2.442664241005021997e-01
7.204626320213461388e-02
1.928623085244129953e-01
1.546751637599484974e-01
1.948112294229009667e-01
2.375442341812886160e-01
2.009062743522423977e-01
1.192450249907191506e-01
1.154501219775245779e-01
2.210629723403329527e-01
1.653240209206950917e-01
1.199524255883425705e-01
1.357707353612428447e-01
9.571010278575235730e-02
1.358805894079466725e-01
1.672319614408408206e-01
1.632323149447766908e-01
1.753220838704973583e-01
1.238787012280243710e-01
1.720924618339855772e-01
2.644368116550797065e-01
