Data for time step: 5

Walkers: 1000. Sim times: 10


0.18782888 0.18778813 0.18782975 0.18758030 0.18785659 0.18781149 0.18764612 0.18779372 0.18766112 0.18768019 

758.76 758.51 759.07 758.85 758.73 758.62 759.12 758.58 758.79 759.21 Walkers: 1000. Sim times: 20


0.18785995 0.18792203 0.18785524 0.18792073 0.18764078 0.18754726 0.18778024 0.18781489 0.18778979 0.18757039 

758.65 758.73 758.66 758.84 758.64 758.84 758.93 758.75 758.78 758.58 

Ref Energy Standard Deviation 0.00013033
Walker Pop Standard Deviation 0.105010

########################################

Walkers: 5000. Sim times: 10


0.18718448 0.18714399 0.18723966 0.18721576 0.18712997 0.18712895 0.18731165 0.18704099 0.18720684 0.18716442 

3796.46 3795.60 3796.74 3796.23 3796.05 3796.05 3796.35 3795.83 3796.39 3795.44 Walkers: 5000. Sim times: 20


0.18722639 0.18712957 0.18722479 0.18722079 0.18714709 0.18717302 0.18724523 0.18713072 0.18715972 0.18729206 

3795.69 3796.37 3796.48 3795.70 3796.05 3796.05 3796.06 3796.27 3795.80 3795.80 

Ref Energy Standard Deviation 0.00005188
Walker Pop Standard Deviation 0.265643

########################################

Walkers: 10000. Sim times: 10


0.18704648 0.18707131 0.18711537 0.18708339 0.18704287 0.18718694 0.18705402 0.18714229 0.18717539 0.18701330 

7592.89 7592.26 7592.88 7592.58 7591.15 7591.89 7591.73 7592.24 7591.34 7593.00 Walkers: 10000. Sim times: 20


0.18712530 0.18712834 0.18706772 0.18707960 0.18714389 0.18713883 0.18708766 0.18708262 0.18713306 0.18718890 

7592.17 7593.22 7592.36 7592.47 7593.17 7591.89 7592.64 7592.29 7591.94 7591.74 

Ref Energy Standard Deviation 0.00003563
Walker Pop Standard Deviation 0.479343

########################################

