Data for time step: 0.5

Walkers: 1000. Sim times: 10


0.18563767 0.18536944 0.18535476 0.18583002 0.18591926 0.18570164 0.18615253 0.18575228 0.18557319 0.18573445 

997.35 997.36 997.34 997.38 997.36 997.40 997.33 997.38 997.42 997.41 

Walkers: 1000. Sim times: 20


0.18583341 0.18557174 0.18539155 0.18584134 0.18556701 0.18568376 0.18583643 0.18596692 0.18577097 0.18599828 

997.35 997.38 997.33 997.37 997.37 997.40 997.36 997.38 997.33 997.36 

Ref Energy Standard Deviation 0.00018163
Walker Pop Standard Deviation 0.022782

########################################

Walkers: 5000. Sim times: 10


0.18562522 0.18560694 0.18538870 0.18552637 0.18556792 0.18561830 0.18535596 0.18560926 0.18556227 0.18549021 

4986.89 4986.68 4986.93 4986.95 4987.01 4986.92 4986.91 4987.04 4986.95 4986.96 

Walkers: 5000. Sim times: 20


0.18547707 0.18559467 0.18571102 0.18544658 0.18530465 0.18565449 0.18525638 0.18555150 0.18510215 0.18573390 

4986.99 4986.84 4987.00 4986.91 4986.93 4986.89 4986.95 4986.89 4986.98 4986.80 

Ref Energy Standard Deviation 0.00019776
Walker Pop Standard Deviation 0.063238

########################################

Walkers: 10000. Sim times: 10


0.18574314 0.18555052 0.18567622 0.18606988 0.18567102 0.18554973 0.18553082 0.18572050 0.18566578 0.18541497 

9973.94 9973.89 9973.71 9974.04 9973.99 9973.86 9973.95 9973.68 9974.03 9974.10 

Walkers: 10000. Sim times: 20


0.18574790 0.18559384 0.18562110 0.18572104 0.18576362 0.18546763 0.18569530 0.18567226 0.18556199 0.18574199 

9974.08 9974.03 9973.97 9973.78 9973.92 9974.05 9973.95 9973.92 9973.94 9973.82 

Ref Energy Standard Deviation 0.00009099
Walker Pop Standard Deviation 0.089936

########################################

