Data for time step: 1

Walkers: 1000. Sim times: 10


0.18537951 0.18605447 0.18557781 0.18576741 0.18528238 0.18555199 0.18593573 0.18573322 0.18574364 0.18537332 

989.58 989.55 989.68 989.64 989.70 989.64 989.74 989.65 989.54 989.57 

Walkers: 1000. Sim times: 20


0.18536429 0.18573507 0.18526929 0.18538899 0.18531910 0.18554957 0.18577970 0.18530931 0.18527684 0.18555116 

989.68 989.59 989.62 989.60 989.67 989.70 989.63 989.60 989.59 989.57 

Ref Energy Standard Deviation 0.00017904
Walker Pop Standard Deviation 0.041901

########################################

Walkers: 5000. Sim times: 10


0.18513360 0.18521993 0.18545181 0.18534250 0.18543959 0.18548617 0.18535651 0.18529304 0.18534970 0.18523829 

4948.53 4948.52 4948.27 4948.61 4948.50 4948.31 4948.58 4948.52 4948.60 4948.37 

Walkers: 5000. Sim times: 20


0.18533496 0.18546828 0.18536899 0.18524068 0.18524944 0.18514424 0.18522766 0.18545922 0.18531633 0.18532137 

4948.47 4948.52 4948.49 4948.44 4948.45 4948.46 4948.21 4948.29 4948.32 4948.41 

Ref Energy Standard Deviation 0.00009707
Walker Pop Standard Deviation 0.095295

########################################

Walkers: 10000. Sim times: 10


0.18525671 0.18556496 0.18525806 0.18561254 0.18522294 0.18542855 0.18545381 0.18522224 0.18546002 0.18556315 

9897.10 9896.68 9896.75 9896.63 9896.54 9897.18 9896.85 9896.66 9896.65 9896.50 

Walkers: 10000. Sim times: 20


0.18522744 0.18530012 0.18551607 0.18542527 0.18544681 0.18529793 0.18532900 0.18525239 0.18512817 0.18548801 

9896.76 9896.73 9896.88 9896.88 9896.89 9896.75 9896.68 9896.98 9896.62 9896.60 

Ref Energy Standard Deviation 0.00011843
Walker Pop Standard Deviation 0.120591

########################################

